OTU_id	F14RootFungi.2p.A2	F14RootFungi.2p.B1	F14RootFungi.2p.B5	F14RootFungi.2p.B6	F14RootFungi.2p.D4	F14RootFungi.H12	F14RootFungi.G8	F14RootFungi.G4	F14RootFungi.G2	F14RootFungi.G5	F15RootFungi.2p.A2	F15RootFungi.2p.B6	F15RootFungi.2p.C5	F15RootFungi.2p.C3	F15RootFungi.2p.D2	F15RootFungi.2p.C4	F15Group.Root131	F15Group.Root99	F15RootFungi.G3	F15RootFungi.G8
Otu00001	2	2	1	1	7	2	1	7	1	7	2	17	11	12	9	10	2973	6	1177	14
Otu00002	19	5278	10	795	3072	1616	5	2	4	8	3	6	2122	81	3759	2307	3	8	4	3
Otu00003	1693	20	2459	3021	2464	3777	1	7	1	7	904	309	1508	6	34	1168	5	4	2	3
Otu00004	0	39	16	282	0	0	0	0	1	0	32	0	999	2	2	2	0	0	2	0
Otu00005	244	42	1658	454	25	44	636	258	19	256	29	44	11	10	2	0	7	0	48	5
Otu00006	143	1	105	360	182	1	497	26	2	0	35	2	73	649	68	0	51	0	45	122
Otu00007	176	11	175	294	164	32	183	639	96	115	87	54	227	180	145	139	59	222	360	45
Otu00008	6	0	2	0	1	0	11	1	3	0	172	1	0	4	1	2	384	2	110	625
Otu00009	220	0	16	64	167	129	14	26	32	78	2	154	11	159	6	1000	29	1	91	61
Otu00010	0	1	0	0	0	0	0	0	0	0	0	0	0	0	0	27	0	0	0	0
Otu00011	621	2	1	1	0	3	48	1	3	101	0	0	0	0	0	0	0	2	0	1
Otu00012	0	1	125	108	0	90	744	1524	401	249	1	2	0	2	2	2	129	1661	447	2122
Otu00013	301	0	1459	39	2	45	0	0	5	2513	27	3360	1	3	58	139	86	1	357	0
Otu00014	34	0	2	13	10	1	0	0	0	0	0	0	0	0	0	0	0	0	8	0
Otu00015	0	0	0	3	2	5	2	3	278	7	0	0	0	1	0	3	0	1	4	0
Otu00016	0	1	1	0	0	12	2	492	146	4	48	0	18	1	52	4	94	19	35	172
Otu00017	68	5	38	6	7	40	0	2	23	1	11	1526	5	82	9	6	31	1	22	14
Otu00018	0	0	1	2	0	1	4	35	5	9	9	16	42	128	0	29	0	0	1	0
Otu00019	0	0	0	0	0	0	4	49	1	29	0	0	2	24	0	25	0	0	0	0
Otu00020	35	11	24	8	8	9	0	14	0	0	34	10	52	56	30	4	0	0	0	1
Otu00021	0	0	0	0	1	1	1	0	0	0	0	0	1	4	4	1	1	0	0	0
Otu00022	27	4	9	13	19	6	0	3	0	5	39	25	26	24	71	35	0	0	4	0
Otu00023	57	3	6	7	15	8	7	2	88	24	4	205	22	62	2	72	16	0	13	4
Otu00024	143	0	4	13	1	3	1	45	3	2	0	2	0	1	0	11	1	1	12	2
Otu00025	3	0	10	20	0	4	10	329	4	181	241	17	56	15	0	10	6	81	69	7
Otu00027	0	2	0	0	0	0	0	14	0	13	15	0	0	1	36	0	0	14	105	16
Otu00028	0	0	15	0	0	0	0	8	0	10	0	0	4	0	0	8	1	0	0	0
Otu00029	1	193	0	1	0	128	1	873	1	183	0	1	1	333	262	9	6	0	506	0
Otu00030	1	5	0	0	1	2	0	3	6	0	0	0	1	0	0	3	0	0	1	2
Otu00031	0	0	0	0	0	0	0	0	0	0	192	18	72	639	1	165	9	0	0	1
Otu00032	2	5	0	0	0	0	7	2	1	0	0	3	0	4	0	2	2	2	0	2
Otu00033	18	5	4	16	9	0	29	0	0	47	0	0	0	0	0	0	0	0	0	0
Otu00034	9	0	5	44	0	2	0	0	0	0	9	0	0	0	0	1	1	0	0	460
Otu00035	0	0	0	0	0	0	1	0	0	1	1	3	0	0	0	0	2	11	112	4
Otu00036	0	0	0	0	0	0	0	0	0	0	3011	0	1	1538	1	120	0	1	1	0
Otu00037	17	5	0	0	0	0	0	0	0	0	0	0	0	0	0	23	0	0	0	0
Otu00038	0	0	0	0	0	0	10	16	58	0	0	0	1	1	0	0	0	0	166	91
Otu00039	0	0	0	1	0	1	0	0	1	1	0	0	0	0	0	0	0	0	1	0
Otu00040	0	0	0	0	0	0	0	0	0	0	0	1	0	1	1	0	1	1	0	2
Otu00042	0	1	0	0	0	0	0	1	0	1	0	0	0	0	0	0	0	0	0	0
Otu00043	0	0	0	0	0	0	3823	0	0	0	0	0	0	0	0	0	0	2695	0	0
Otu00044	0	0	0	0	0	0	0	1	0	0	2	5	24	65	125	61	0	0	74	0
Otu00045	0	0	0	0	0	0	0	4	0	3	0	0	0	0	0	0	0	0	0	0
Otu00046	0	0	0	0	0	0	0	0	0	0	0	2	0	0	1	0	0	0	0	6
Otu00047	0	0	0	0	0	0	107	27	16	0	0	0	0	0	0	0	0	0	10	4
Otu00048	0	0	0	0	2	0	47	51	0	0	0	24	0	0	0	11	0	0	0	1
Otu00050	10	2	1	6	5	0	4	5	4	1	1	3	2	2	0	1	0	0	1	1
Otu00051	78	0	0	13	3	0	0	0	0	0	14	0	0	0	145	0	0	0	0	0
Otu00052	0	0	0	0	0	1	0	1	0	0	0	1	0	0	0	0	0	0	0	0
Otu00053	76	0	10	2	0	106	1	0	0	3	0	0	1	143	1	10	1	0	1	0
Otu00054	2	0	0	0	0	1	0	0	0	0	0	0	0	0	0	0	0	0	0	0
Otu00055	8	0	0	0	0	2	55	30	10	116	0	3	0	0	0	3	20	24	20	0
Otu00060	0	0	0	0	0	0	7	0	2	0	0	0	0	0	0	0	0	0	5	0
Otu00061	0	719	1	389	0	0	0	0	0	0	0	0	0	0	0	0	0	0	0	0
Otu00063	0	0	1	0	0	0	4	60	0	15	0	0	0	0	0	0	68	112	69	29
Otu00064	17	1	0	6	0	3	0	3	1	3	0	8	2	0	0	0	0	28	15	0
Otu00067	0	1	0	0	0	0	3	0	3	0	15	0	22	2	374	23	22	0	57	6
Otu00069	0	1	0	0	0	0	1	1	3588	0	0	0	0	0	0	0	5	0	3	0
Otu00070	0	0	27	46	0	0	0	0	0	0	0	0	2	1	0	0	0	0	0	0
Otu00071	1	2	0	0	0	0	1	0	0	0	0	0	0	0	0	0	0	0	0	0
Otu00072	0	0	0	0	3	0	0	0	0	0	0	0	0	1	0	0	0	0	0	0
Otu00073	0	0	0	0	0	0	0	13	1	0	0	1	1	0	2	0	0	0	0	0
Otu00075	0	0	0	0	0	0	0	48	0	3	126	205	10	113	0	65	18	0	203	128
Otu00076	14	0	0	0	5	0	0	0	1	0	0	2	0	0	0	0	0	0	0	0
Otu00077	0	0	4	2	1	0	0	0	0	0	43	0	0	0	0	11	0	0	0	0
Otu00078	0	0	5	0	0	0	9	0	0	1	3	0	0	3	8	1	0	0	0	0
Otu00079	0	0	0	0	0	0	0	0	0	0	0	1	0	0	0	0	0	10	229	7
Otu00080	26	0	0	1	1	0	0	2	0	0	0	11	0	4	1	8	0	0	0	0
Otu00082	1164	0	126	34	0	6	0	0	0	1	63	4	0	1081	0	0	77	0	1	0
Otu00083	0	0	0	0	0	0	0	0	0	0	0	0	4	0	0	5	0	0	1	0
Otu00084	21	0	0	1	72	0	0	4	0	2	6	9	60	20	11	0	1	1	36	5
Otu00085	0	0	0	0	0	0	0	0	0	3	0	0	0	0	0	0	0	16	8	0
Otu00086	0	0	0	1	92	0	0	0	0	0	6	0	101	0	236	59	0	0	0	0
Otu00087	0	0	1	0	0	2	0	0	1	70	0	0	0	0	0	0	0	0	0	0
Otu00088	6	17	0	0	14	0	0	0	0	0	0	0	1	0	0	0	0	32	0	0
Otu00089	564	0	0	0	0	85	0	0	0	0	0	196	16	1	16	349	0	0	97	1
Otu00090	0	0	0	0	0	0	14	198	432	51	0	0	1	0	0	0	44	4	51	9
Otu00091	0	0	0	0	0	0	0	0	0	758	0	0	0	0	0	0	0	0	0	0
Otu00092	1	0	1	38	0	0	12	0	0	0	0	0	0	0	0	0	0	0	0	0
Otu00093	0	0	0	0	0	0	0	0	0	0	0	0	1	16	0	0	0	0	0	0
Otu00094	88	0	0	11	2	2	7	14	1	0	23	0	0	0	0	1	4	0	0	0
Otu00095	0	0	0	0	0	0	0	0	0	0	0	10	9	0	21	0	0	0	0	0
Otu00096	0	0	0	0	0	0	0	0	0	0	0	0	10	36	0	0	0	0	338	1
Otu00097	86	1	0	9	0	0	0	172	0	1	7	2	0	3	3	7	4	3	6	0
Otu00098	3	11	0	0	0	0	0	0	0	0	0	0	0	0	0	0	0	0	0	0
Otu00100	3	0	0	0	0	0	0	0	0	0	0	0	0	0	0	0	0	0	0	0
Otu00101	0	0	0	6	0	0	0	0	0	0	0	0	0	0	0	0	0	0	0	0
Otu00102	0	0	0	0	0	0	0	0	0	0	0	0	32	0	0	0	0	0	1	0
Otu00103	0	0	0	0	1	0	58	0	4	0	0	1	0	0	0	0	0	69	6	0
Otu00104	6	0	0	4	25	0	0	0	0	0	0	0	2	0	0	0	0	0	102	0
Otu00105	0	1	0	0	0	0	0	16	0	0	0	0	0	0	0	0	0	0	0	0
Otu00106	0	0	0	1	0	0	1	2	0	0	4	0	0	0	0	0	0	0	0	0
Otu00107	0	0	0	0	0	1	3	0	0	0	0	3	26	0	0	0	0	0	0	0
Otu00108	0	0	0	0	0	0	0	0	0	0	0	0	0	0	0	0	55	0	213	22
Otu00109	0	0	0	0	0	0	0	0	0	0	0	0	0	0	0	0	55	0	95	0
Otu00110	11	0	0	0	0	1	7	0	0	5	1	4	0	3	0	0	7	13	3	0
Otu00111	0	0	0	0	0	0	0	0	0	0	1	0	0	0	0	1	0	0	1	0
Otu00115	0	39	1	0	7	4	0	0	0	0	2	0	36	93	250	23	0	0	0	0
Otu00117	0	0	0	0	0	0	101	0	2	1	0	0	0	0	0	0	1	0	0	0
Otu00119	0	96	0	2	16	7	0	0	0	0	0	0	4	0	3	16	0	0	0	0
Otu00121	0	0	0	0	0	0	0	32	0	0	0	1	0	0	0	0	0	0	0	1074
Otu00122	0	0	0	0	0	0	15	24	0	0	0	0	0	0	0	0	0	0	0	0
Otu00124	0	1	0	0	1	0	0	438	0	0	0	0	0	0	0	0	0	0	0	0
Otu00125	0	0	0	0	0	0	32	16	13	0	0	0	0	0	0	0	0	0	0	0
Otu00127	0	0	2	5	0	0	1	0	0	0	18	3	0	0	0	0	1	0	66	0
Otu00128	0	0	0	0	0	0	0	3	0	2	0	0	0	0	0	0	0	0	0	0
Otu00129	0	0	0	0	0	0	0	0	0	0	0	0	1	0	1	0	0	0	1	0
Otu00131	0	0	0	0	0	0	0	0	0	0	0	0	5	0	0	0	0	0	6	0
Otu00132	0	0	2	0	0	0	0	0	0	0	0	0	5	0	0	0	0	0	0	0
Otu00136	0	0	0	0	1	0	0	0	0	0	16	0	66	0	11	0	0	0	1	0
Otu00137	32	2	1	3	50	1	1	0	0	1	0	74	2	10	1	21	0	0	4	0
Otu00138	41	0	27	16	40	72	0	1	0	0	0	0	52	0	50	0	0	0	0	1
Otu00139	0	0	0	0	0	0	0	0	183	20	0	0	0	1	0	0	444	7	1	0
Otu00140	14	0	0	5	0	72	0	1	0	0	0	0	3	1	0	0	23	0	7	7
Otu00143	1	7	3	1	4	0	0	0	0	0	0	0	6	0	6	0	0	0	0	0
Otu00144	0	0	12	0	0	0	0	0	0	0	31	0	0	0	0	10	0	1	0	17
Otu00145	0	0	0	0	0	0	0	0	0	0	0	0	0	0	0	0	1	1431	0	0
Otu00146	1	17	5	1	0	1	0	13	0	17	0	1	2	34	0	3	0	3	0	0
Otu00148	0	0	0	0	0	0	1	0	0	0	3	0	0	0	0	0	0	2	0	0
Otu00149	6	0	0	4	0	8	0	56	0	45	118	0	0	210	0	60	15	0	0	0
Otu00151	0	3	0	0	0	0	2	15	10	8	0	0	0	0	0	0	4	0	0	17
Otu00154	0	0	0	0	0	0	4	0	0	0	0	0	0	0	0	0	0	4	0	0
Otu00155	0	0	0	0	0	0	0	0	0	11	0	0	0	0	0	0	0	0	0	1
Otu00156	0	0	0	1	5	0	0	0	0	0	0	0	0	0	31	22	0	0	0	0
Otu00157	0	0	0	0	0	0	0	0	0	0	0	0	0	0	0	0	0	0	36	0
Otu00160	0	0	0	0	0	0	0	7	0	0	0	0	0	0	0	0	0	24	0	0
Otu00161	0	0	0	0	0	0	0	0	0	0	0	0	1	0	0	0	1	3	2	4
Otu00164	0	0	0	0	0	0	0	1	0	1	14	0	0	0	0	0	0	0	0	0
Otu00166	0	0	0	0	0	0	0	0	0	0	0	0	0	0	0	0	0	0	0	1223
Otu00167	0	0	0	0	0	0	0	0	0	0	0	0	0	0	0	0	33	0	193	20
Otu00168	7	0	0	0	3	0	0	0	0	0	21	0	10	32	1	82	0	0	0	0
Otu00169	0	0	4	0	0	0	0	0	0	0	0	0	0	0	0	0	0	0	0	0
Otu00170	4	0	7	0	0	0	0	0	0	1	0	0	0	0	0	0	0	0	0	0
Otu00172	0	0	0	0	0	0	0	7	0	0	0	0	0	0	0	0	0	0	0	0
Otu00173	0	0	35	121	0	8	0	0	0	0	0	0	0	87	0	0	0	0	0	0
Otu00174	0	0	2	1	0	1	0	0	0	0	22	0	5	3	1	6	0	0	6	1
Otu00176	0	0	0	0	1	1	3	9	2	0	0	0	0	5	19	0	0	9	0	0
Otu00177	0	0	0	0	1	0	0	20	26	3	0	0	0	0	0	0	0	0	0	6
Otu00178	0	0	0	0	0	0	0	10	0	0	0	0	0	0	0	0	0	0	0	0
Otu00179	0	0	0	0	0	0	1	0	0	0	0	0	0	0	0	0	0	20	0	0
Otu00180	0	0	0	0	0	0	10	0	0	0	0	0	0	0	0	0	0	7	0	0
Otu00183	0	0	0	0	0	0	0	0	0	0	0	0	0	0	0	0	30	0	0	0
Otu00187	0	0	0	0	0	0	0	0	0	0	15	5	17	0	0	0	0	0	0	0
Otu00189	0	0	0	0	0	0	0	6	0	0	26	0	0	0	0	0	0	0	1	0
Otu00190	0	0	0	0	0	0	0	0	0	0	9	1	3	12	8	4	0	0	0	0
Otu00192	13	0	1	4	0	3	0	0	0	0	0	0	0	0	0	0	0	0	0	0
Otu00193	0	0	0	0	0	0	0	0	0	0	0	70	0	0	0	0	0	0	0	0
Otu00194	0	0	0	12	0	0	0	0	0	0	1	0	0	0	0	1	0	0	0	1
Otu00195	0	0	0	0	0	0	0	4	0	21	0	0	0	0	0	0	0	0	0	0
Otu00198	0	0	0	0	0	0	0	0	0	0	0	0	0	0	0	0	0	0	39	12
Otu00199	0	0	0	0	0	0	0	23	6	3	0	0	0	0	0	0	2	0	16	0
Otu00200	0	0	0	0	0	0	0	0	0	0	0	0	3	2	0	0	0	0	0	0
Otu00203	0	5	0	63	24	2	0	0	0	1	0	0	23	0	3	23	0	0	0	0
Otu00204	0	0	0	0	0	0	0	0	0	0	0	52	0	0	0	0	0	0	0	0
Otu00206	0	0	0	0	0	0	8	0	16	0	0	0	0	0	0	0	5	0	6	0
Otu00208	0	0	0	0	0	0	3	0	0	0	1	0	0	0	0	0	0	0	0	0
Otu00211	3	10	7	4	1	1	1	0	5	11	2	4	2	62	22	10	1	0	2	3
Otu00212	5	1	0	1	2	0	0	0	1	0	0	0	2	11	4	16	3	2	1	2
Otu00214	5	0	0	109	0	0	0	3	0	0	0	0	0	0	0	0	0	0	0	0
Otu00216	0	0	0	0	0	0	0	128	0	37	0	0	0	0	0	0	0	0	0	0
Otu00217	0	0	0	0	0	0	0	0	0	0	40	0	35	0	0	0	0	0	0	0
Otu00218	0	0	0	0	0	0	0	0	0	0	0	0	32	49	0	0	0	0	0	0
Otu00220	2	16	0	0	0	0	0	0	0	0	0	0	0	0	1	0	703	0	0	0
Otu00222	0	0	0	0	0	5	0	38	0	29	73	1	0	69	0	37	0	0	0	0
Otu00224	0	0	0	1	1	0	0	0	0	0	0	1	0	5	0	6	0	0	0	0
Otu00225	0	0	0	0	3	0	0	0	0	0	0	0	0	0	0	0	0	0	0	0
Otu00226	0	0	0	0	0	0	0	0	0	0	0	0	0	16	0	3	0	0	0	0
Otu00227	0	0	0	0	0	0	0	0	0	8	0	0	0	0	0	0	0	0	0	0
Otu00231	0	0	0	0	0	0	0	0	0	0	0	0	226	0	0	0	0	0	0	0
Otu00232	0	0	0	0	0	0	0	16	11	23	0	0	0	0	0	0	0	0	0	0
Otu00233	0	0	0	0	0	0	0	0	696	0	0	0	0	0	0	0	0	0	0	0
Otu00234	0	0	0	0	0	0	0	14	0	0	0	0	0	0	0	0	0	0	0	0
Otu00236	0	0	0	0	0	0	0	0	0	0	0	0	0	16	0	0	0	0	0	0
Otu00237	0	0	0	0	0	0	6	0	2	0	0	0	0	0	0	0	0	4	5	0
Otu00238	2	1	0	50	11	10	0	0	0	0	3	0	13	0	0	14	0	0	0	0
Otu00239	0	0	0	0	0	0	0	68	0	0	0	0	0	0	0	0	0	0	0	0
Otu00240	0	0	0	0	0	0	0	0	0	0	0	0	7	0	0	2	0	0	0	0
Otu00241	0	0	0	0	0	0	0	0	0	0	0	12	0	0	0	0	0	1	0	0
Otu00242	3	0	0	6	0	5	0	9	0	26	61	1	0	17	0	61	0	0	0	0
Otu00245	0	0	0	0	0	0	0	0	0	1	0	0	0	0	0	0	0	0	10	0
Otu00247	39	0	0	0	0	42	0	0	0	0	0	0	0	0	0	0	0	0	0	0
Otu00248	5	0	0	0	0	0	0	1	1	0	0	0	2	6	0	0	0	0	0	0
Otu00249	0	0	0	0	17	0	0	0	0	0	1	0	15	0	51	12	0	0	0	0
Otu00250	6	0	2	0	0	0	0	0	0	0	0	0	0	0	0	0	0	0	0	0
Otu00252	0	0	0	0	0	0	1	2	7	0	0	0	0	0	0	0	0	18	0	0
Otu00253	0	0	0	0	0	0	0	3	0	0	0	0	0	0	0	0	0	1	0	0
Otu00254	0	0	0	0	0	0	0	0	0	0	0	0	0	0	0	0	0	14	0	0
Otu00255	0	0	0	0	0	0	0	0	0	0	0	0	0	0	0	0	0	0	89	0
Otu00256	0	0	0	0	0	0	0	20	0	0	0	0	0	0	0	0	0	0	0	0
Otu00259	0	0	0	0	0	0	0	0	0	421	0	0	0	0	0	0	0	0	0	0
Otu00260	0	0	0	0	0	0	0	0	0	0	0	0	9	0	0	0	0	0	0	0
Otu00261	0	0	0	0	4	0	0	0	0	0	0	0	0	0	0	0	0	0	0	0
Otu00262	0	0	0	0	0	0	0	0	0	0	0	0	0	0	9	0	0	0	0	0
Otu00264	0	0	0	0	0	0	4	0	0	0	0	0	0	0	0	0	1	0	18	0
Otu00265	0	0	0	0	0	0	0	79	1	10	0	0	0	0	0	0	0	0	0	4
Otu00266	0	0	2	0	0	0	0	3	0	0	0	7	3	59	3	36	0	0	0	0
Otu00267	0	0	0	0	0	0	0	0	0	626	0	0	0	0	0	0	0	0	0	0
Otu00268	16	0	0	0	0	0	0	0	0	0	0	0	0	0	0	0	0	0	0	0
Otu00270	0	0	0	0	0	0	5	24	2	13	0	0	0	0	0	0	0	1	22	0
Otu00271	0	0	0	0	0	0	0	0	0	0	0	0	0	0	0	0	0	0	0	6
Otu00272	0	0	1	0	0	2	8	3	0	0	0	0	0	0	0	0	0	0	7	0
Otu00274	0	0	0	0	0	0	2	0	2	0	0	0	0	0	0	0	0	0	0	0
Otu00276	0	0	0	0	0	0	0	0	0	0	0	0	0	0	0	0	0	0	0	82
Otu00279	0	1	0	0	0	56	0	0	0	0	0	8	0	0	0	4	0	0	0	0
Otu00280	3	0	0	0	0	0	0	0	0	0	0	0	3	3	0	0	0	0	0	0
Otu00281	0	0	0	0	1	0	0	0	0	0	13	0	44	0	0	0	0	0	0	0
Otu00282	70	24	5	0	5	2	0	0	0	0	0	3	0	0	0	0	0	0	4	0
Otu00283	0	0	0	0	0	0	3	2	0	5	0	0	0	0	0	2	1	0	4	2
Otu00284	2	0	0	0	0	2	0	1	0	0	2	1	0	3	0	1	0	0	3	0
Otu00285	0	0	0	0	0	0	0	0	0	0	0	0	0	3	0	0	0	0	0	0
Otu00286	0	0	37	28	0	4	0	0	0	0	0	0	0	30	0	0	0	0	0	0
Otu00289	0	0	0	0	0	3	0	0	0	0	0	0	0	1	0	0	0	0	0	0
Otu00292	0	0	0	2	6	0	0	0	0	0	0	3	1	0	0	0	0	0	0	0
Otu00293	0	0	0	0	0	0	0	0	0	0	0	0	10	0	0	0	0	0	0	0
Otu00294	0	0	0	0	0	0	0	0	0	29	0	0	0	0	0	0	0	0	0	0
Otu00295	0	0	0	0	0	0	0	0	0	0	0	0	1	1	0	0	0	0	1	0
Otu00301	0	1	0	0	5	30	0	0	0	0	0	44	1	36	0	23	0	0	0	0
Otu00302	0	0	0	0	0	0	0	0	0	1	0	20	0	0	3	0	0	0	0	0
Otu00303	0	0	0	0	0	0	17	0	29	0	0	0	0	0	0	0	7	0	0	0
Otu00304	0	0	0	0	0	0	0	0	0	0	0	0	0	0	0	6	0	0	89	0
Otu00305	0	1	31	0	0	2	0	0	0	0	8	0	0	0	0	0	0	0	0	0
Otu00306	0	0	0	0	0	0	0	0	0	0	0	0	7	0	0	0	0	0	0	0
Otu00307	0	0	0	0	0	0	0	0	0	0	6	0	9	27	0	0	0	0	0	0
Otu00308	0	0	0	0	0	0	0	0	0	14	0	0	3	0	0	0	0	0	0	0
Otu00310	0	0	0	0	0	0	0	0	0	0	0	0	0	0	0	0	9	0	5	0
Otu00314	0	0	0	2	1	0	0	0	0	0	0	0	10	7	8	0	0	0	0	0
Otu00315	0	0	0	0	0	0	0	3	0	8	0	0	0	0	0	0	0	0	0	0
Otu00316	0	0	0	0	0	0	0	0	0	0	0	0	0	0	0	0	1	10	0	3
Otu00318	0	0	0	0	0	0	0	6	0	7	0	0	0	0	0	0	0	0	0	0
Otu00320	94	0	0	0	0	0	0	0	2	0	0	0	0	0	0	0	0	0	17	0
Otu00321	0	0	0	0	7	0	0	0	0	0	0	0	31	0	57	5	0	0	0	0
Otu00322	0	0	0	0	0	0	0	0	0	0	13	0	5	0	0	0	0	0	0	0
Otu00324	0	4	0	0	0	0	0	0	1	10	0	0	3	0	0	0	0	0	0	1
Otu00325	0	0	0	0	0	0	0	0	0	0	108	0	14	0	0	0	0	0	0	0
Otu00327	0	0	0	0	0	0	0	0	0	0	0	0	88	0	0	0	0	0	0	0
Otu00328	24	0	0	0	0	0	0	0	0	0	0	0	0	0	0	0	0	0	0	0
Otu00329	0	1	28	1	0	0	0	0	0	0	34	0	0	0	0	0	27	0	0	0
Otu00330	0	0	0	0	0	0	0	0	0	0	0	1	2	0	16	8	5	0	13	0
Otu00331	0	0	0	0	0	1	0	0	0	0	0	2	3	0	0	0	0	0	4	0
Otu00340	19	0	0	0	0	0	0	0	0	0	0	0	0	0	0	0	0	0	0	0
Otu00346	0	6	0	0	0	0	0	0	0	0	0	0	18	0	0	0	0	0	0	0
Otu00349	0	0	0	0	0	0	0	0	0	0	0	0	0	6	0	0	0	0	0	0
Otu00350	0	0	0	0	1	0	0	3	0	0	0	0	0	0	0	0	0	0	0	0
Otu00352	0	0	0	0	0	0	0	0	0	0	28	0	0	0	11	0	0	0	0	0
Otu00354	0	0	0	0	0	11	0	0	0	0	0	0	0	2	56	2	0	0	0	0
Otu00356	0	5	0	0	0	0	0	0	0	0	14	2	9	0	15	0	0	0	0	0
Otu00357	0	0	0	0	0	0	1	1	23	0	0	0	0	0	0	0	20	1	13	11
Otu00360	0	0	0	0	0	0	0	0	0	0	0	0	0	0	0	0	0	0	0	23
Otu00361	0	0	0	0	12	0	0	0	0	0	0	0	0	0	39	0	1	0	0	0
Otu00362	0	0	0	0	0	0	0	0	287	0	0	0	0	0	0	0	0	0	0	0
Otu00363	0	0	0	0	0	0	0	0	0	0	0	0	0	0	185	0	0	0	0	0
Otu00369	0	0	0	0	0	0	0	46	0	0	0	0	0	0	0	0	0	0	0	36
Otu00370	0	0	0	0	0	0	0	0	0	0	0	0	0	3	7	0	0	0	0	0
Otu00371	0	0	0	0	0	0	0	3	2	0	0	0	3	0	0	0	0	0	8	0
Otu00374	0	0	0	0	0	0	0	0	0	0	3	0	0	0	0	0	0	0	0	0
Otu00377	0	0	0	0	0	0	0	0	0	0	5	0	54	0	0	0	0	0	0	0
Otu00378	1	0	0	0	0	0	0	0	0	0	0	0	0	1	1	1	0	0	0	0
Otu00379	1	0	0	1	0	1	0	0	0	0	1	1	1	1	1	0	0	0	0	0
Otu00380	0	0	50	0	0	0	0	0	0	0	44	0	0	0	0	0	0	0	0	0
Otu00383	9	0	0	0	0	0	0	0	0	0	0	27	0	9	0	0	0	0	0	0
Otu00388	0	0	0	0	0	0	0	35	0	0	0	0	0	0	0	0	0	0	0	0
Otu00391	0	0	0	0	0	0	0	1	0	2	0	0	0	0	0	0	0	0	0	6
Otu00396	0	0	2	0	0	1	0	0	0	0	0	9	1	9	4	6	1	0	11	1
Otu00397	0	0	0	0	0	0	0	0	0	0	36	0	0	0	22	0	0	0	0	0
Otu00399	0	0	0	0	0	0	13	0	1	0	0	0	0	0	0	0	0	0	0	0
Otu00400	0	0	0	0	0	0	0	0	0	0	196	0	0	0	0	0	0	0	0	0
Otu00402	1	1	0	21	3	1	0	0	0	0	0	0	3	0	0	2	0	0	0	0
Otu00408	0	0	0	0	0	0	0	0	0	11	0	0	0	0	0	0	0	0	0	0
Otu00409	0	0	0	0	0	0	0	0	0	17	0	0	0	0	0	0	0	0	0	0
Otu00410	0	0	0	0	0	0	0	0	0	0	0	0	0	0	0	0	0	0	35	0
Otu00413	4	0	0	0	0	0	0	0	0	0	0	0	0	0	0	0	0	0	0	0
Otu00414	0	0	0	0	0	0	0	37	0	0	0	0	0	0	0	0	0	0	0	0
Otu00416	11	0	0	1	0	0	0	1	0	0	0	0	0	0	0	0	0	0	0	0
Otu00418	3	0	0	3	3	0	0	0	0	0	0	0	0	0	0	0	0	0	0	0
Otu00419	0	0	0	0	0	0	0	2	0	0	0	2	0	0	0	0	0	0	1	2
Otu00421	0	0	0	4	0	0	0	0	0	0	56	0	0	4	0	0	0	0	0	0
Otu00422	0	0	7	2	0	0	0	0	0	0	0	0	0	0	0	0	0	0	0	0
Otu00423	0	0	0	0	13	0	0	0	0	0	0	3	0	0	0	0	0	0	0	0
Otu00426	0	0	0	0	0	0	0	0	0	0	0	0	0	0	0	0	0	0	0	14
Otu00427	4	0	0	0	0	0	0	0	0	0	0	2	0	0	0	3	0	0	1	0
Otu00429	0	0	0	0	0	0	0	0	0	1	0	0	5	9	5	0	0	1	1	0
Otu00432	0	3	1	11	4	2	0	0	0	0	0	0	4	0	0	9	0	0	0	0
Otu00433	0	0	0	0	0	0	0	0	0	0	0	0	0	0	0	0	6	0	0	0
Otu00437	0	0	0	0	0	0	1	3	0	0	0	0	0	0	0	0	0	0	22	0
Otu00446	0	0	0	0	0	0	0	0	0	0	0	0	0	0	25	0	0	0	0	0
Otu00449	0	0	0	0	0	0	0	40	0	0	0	0	0	0	0	0	0	0	0	0
Otu00450	1	0	0	0	2	0	0	0	0	0	0	0	0	0	0	0	0	0	0	0
Otu00453	0	0	19	0	0	0	0	0	0	0	0	3	0	0	0	0	0	0	0	0
Otu00455	0	0	0	0	0	0	0	7	0	0	0	0	0	0	0	0	0	0	0	0
Otu00456	0	0	0	0	0	0	0	0	0	0	0	0	0	25	0	0	0	0	0	0
Otu00457	0	3	0	0	0	0	0	0	0	0	0	0	0	0	0	0	120	0	16	2
Otu00459	0	0	0	0	0	0	0	0	0	0	0	0	0	0	12	0	0	0	0	0
Otu00462	0	0	0	0	0	0	0	0	0	0	0	0	0	0	13	0	0	0	0	0
Otu00464	0	3	1	11	9	0	1	0	0	0	0	0	13	0	3	3	0	0	0	0
Otu00467	0	0	0	0	0	0	0	4	5	0	0	0	0	0	0	0	0	11	0	0
Otu00468	0	0	0	0	0	0	0	2	0	0	0	0	0	0	0	0	0	0	3	0
Otu00469	18	0	0	0	0	0	0	0	0	0	0	0	0	0	0	0	0	0	0	0
Otu00471	0	0	0	0	0	0	0	0	0	0	0	0	0	65	0	0	0	0	0	0
Otu00477	0	0	0	0	0	0	0	20	0	0	0	0	0	0	0	0	0	0	0	0
Otu00478	16	0	0	0	1	0	0	1	0	0	0	0	0	0	0	0	0	0	0	0
Otu00484	0	0	0	0	0	89	0	0	0	0	0	0	0	0	0	5	0	0	0	0
Otu00485	0	0	0	1	0	1	0	0	0	0	0	0	0	0	0	1	0	0	0	0
Otu00486	6	0	0	0	0	0	4	0	0	0	0	0	0	0	0	0	0	0	0	0
Otu00487	0	0	0	0	0	0	0	0	0	0	0	0	0	0	0	0	0	12	8	0
Otu00489	0	3	0	0	0	0	0	0	0	0	0	0	13	0	0	0	136	0	18	14
Otu00494	0	1	3	0	1	0	0	0	0	0	8	6	1	2	6	0	1	0	3	2
Otu00495	0	0	0	2	0	0	0	2	0	8	1	0	2	0	0	0	0	1	1	0
Otu00497	0	0	0	0	0	0	0	0	0	0	0	0	0	1	8	0	0	0	0	0
Otu00502	1	0	2	5	4	10	0	0	0	0	0	0	1	0	0	2	0	0	0	0
Otu00504	0	0	0	0	0	0	0	0	0	0	0	0	0	0	10	0	0	0	0	0
Otu00506	0	0	0	0	0	0	0	0	0	0	0	0	21	0	0	0	0	0	0	0
Otu00508	0	0	0	0	0	0	7	0	0	0	0	0	0	0	0	0	0	0	0	0
Otu00510	0	0	0	0	0	0	0	0	1	0	0	0	0	0	0	0	0	0	0	9
Otu00512	0	0	0	0	0	0	0	0	0	0	0	0	0	0	0	0	0	13	6	0
Otu00513	0	0	0	2	0	0	0	0	0	0	0	0	0	0	1	0	0	0	0	0
Otu00515	0	3	4	0	0	0	0	0	0	5	0	3	0	0	0	0	1	0	1	0
Otu00516	5	0	0	0	0	0	1	0	0	0	0	0	0	0	0	0	0	0	0	0
Otu00517	0	0	0	0	0	0	0	0	0	0	0	0	0	0	0	4	0	0	0	0
Otu00521	0	0	0	0	0	0	0	28	0	0	0	0	0	0	0	0	0	0	0	0
Otu00523	0	0	0	0	1	0	0	0	0	1	0	0	0	0	0	0	1	0	0	0
Otu00524	0	0	0	0	0	0	1	2	0	0	0	0	0	0	0	0	0	0	0	0
Otu00531	0	0	0	0	0	0	0	0	5	1	0	0	0	0	0	0	0	0	0	0
Otu00532	1	0	0	0	0	0	0	3	0	0	0	0	0	0	0	0	0	0	0	0
Otu00533	0	0	0	6	0	0	0	0	0	0	0	0	0	0	0	0	0	0	0	0
Otu00534	0	0	0	0	0	0	0	0	0	4	0	0	0	0	0	0	0	0	0	0
Otu00540	0	0	0	0	0	0	0	0	0	0	0	0	0	0	0	0	0	0	18	0
Otu00543	0	13	0	0	6	0	0	0	0	0	0	0	0	0	0	0	0	0	0	0
Otu00550	0	0	0	0	0	0	0	0	0	0	0	0	0	0	13	0	0	0	0	0
Otu00551	2	0	3	4	3	3	0	0	0	0	1	0	2	0	0	2	0	0	0	0
Otu00555	0	0	25	0	0	0	0	0	0	0	0	0	0	0	0	0	0	0	0	0
Otu00556	0	0	0	0	0	0	0	0	0	0	0	0	0	0	0	0	160	0	0	0
Otu00559	0	0	0	2	0	0	0	0	0	0	6	0	0	0	0	0	0	0	0	0
Otu00563	0	0	0	0	0	0	0	0	0	0	0	0	0	0	0	0	0	0	4	0
Otu00565	0	0	0	0	0	0	0	1	0	10	21	0	0	0	0	0	0	0	0	0
Otu00566	3	0	0	0	0	0	0	0	0	0	0	0	0	0	0	0	0	0	0	0
Otu00567	0	0	0	0	0	0	0	0	3	0	0	0	0	0	0	0	0	0	0	0
Otu00568	0	0	0	0	0	0	0	23	0	0	0	0	2	0	0	0	4	0	0	0
Otu00571	0	0	0	0	0	0	0	0	0	0	0	0	0	0	0	0	0	0	97	0
Otu00578	0	0	0	0	0	0	0	0	0	0	6	0	7	0	0	0	1	0	0	0
Otu00579	0	0	0	0	0	0	0	0	0	0	0	0	0	0	0	1	0	0	6	0
Otu00580	0	0	14	0	0	0	0	0	0	0	0	0	0	0	0	0	0	0	10	0
Otu00581	0	0	0	11	0	0	0	0	0	0	0	0	0	0	0	0	0	0	0	0
Otu00585	0	0	0	0	0	0	0	0	0	0	0	0	0	0	0	4	0	0	0	0
Otu00587	0	2	0	0	0	0	0	0	0	0	0	0	0	0	0	0	129	0	0	0
Otu00588	0	3	0	0	0	0	0	0	0	0	0	0	0	0	0	0	0	0	6	0
Otu00589	0	4	0	0	0	0	0	0	0	0	0	0	0	0	0	0	0	0	0	1
Otu00590	0	0	0	0	0	0	0	0	0	0	0	0	0	0	5	0	0	0	0	0
Otu00591	0	0	0	0	0	0	0	16	0	4	0	0	0	0	0	0	0	0	0	0
Otu00592	0	0	0	0	0	0	0	0	0	0	0	0	0	0	0	0	0	0	20	0
Otu00598	0	0	0	0	0	0	0	0	0	0	4	0	4	13	0	0	0	0	1	0
Otu00601	0	0	0	0	0	0	0	0	0	1	0	0	0	0	0	2	0	0	0	0
Otu00602	0	0	0	0	0	0	0	0	0	0	0	0	0	5	1	0	0	0	0	0
Otu00603	1	0	0	0	1	0	0	0	0	0	0	0	0	0	2	0	0	0	0	0
Otu00607	0	0	0	0	0	0	0	0	0	0	1	1	3	0	0	0	0	0	4	0
Otu00609	0	0	0	0	0	0	0	0	0	0	0	0	0	0	0	0	1	0	3	0
Otu00610	0	0	0	0	0	0	0	1	0	1	0	0	1	0	0	0	0	0	0	0
Otu00612	1	0	0	0	0	3	0	17	3	6	0	0	0	0	0	0	0	0	0	0
Otu00617	0	0	5	0	0	0	0	2	0	0	4	0	0	0	0	0	0	0	0	0
Otu00620	0	0	0	0	9	0	0	1	0	0	0	0	0	0	0	0	0	0	0	0
Otu00624	15	0	1	0	0	0	0	0	0	0	0	0	0	0	0	1	0	0	0	0
Otu00627	0	0	0	0	0	0	0	0	0	0	0	2	1	1	0	1	0	0	0	0
Otu00628	0	0	4	0	0	0	0	0	0	0	6	0	0	0	1	0	0	0	0	0
Otu00630	0	0	0	0	0	0	0	0	0	0	0	0	0	0	0	0	0	0	0	4
Otu00632	0	0	0	0	0	0	0	1	0	0	1	0	0	2	0	0	2	0	0	0
Otu00640	0	0	0	0	0	0	0	0	0	0	0	1	7	8	0	0	0	0	0	0
Otu00641	0	0	2	0	0	0	0	0	0	0	0	0	2	0	0	1	0	0	0	0
Otu00642	0	0	0	0	0	0	0	4	5	0	0	0	0	0	6	6	0	0	18	0
Otu00643	0	0	0	0	0	0	0	0	0	0	0	0	0	0	0	0	109	0	0	0
Otu00645	0	0	0	0	0	0	0	0	0	0	2	0	0	0	0	0	2	0	0	0
Otu00649	0	0	0	0	0	0	0	0	0	0	0	0	3	0	0	1	0	0	3	0
Otu00650	0	0	0	0	0	0	0	0	0	0	9	0	0	0	0	7	0	0	0	0
Otu00653	0	2	0	0	0	0	0	0	0	0	4	0	0	0	2	0	0	0	0	0
Otu00656	0	0	0	0	0	0	0	0	0	0	0	0	0	0	0	0	3	0	9	0
Otu00657	0	0	0	0	0	0	0	0	0	0	0	0	15	0	0	0	0	0	13	0
Otu00660	0	2	0	0	0	0	0	3	0	0	0	0	0	0	0	0	0	0	0	0
Otu00669	3	0	0	1	0	0	0	0	0	0	0	0	0	0	0	0	0	0	0	0
Otu00672	0	0	0	0	0	0	0	0	0	0	4	0	0	0	0	0	0	0	0	0
Otu00674	0	0	0	0	0	0	0	8	0	0	0	0	0	0	0	0	0	0	0	0
Otu00678	0	0	0	0	0	0	0	0	0	0	0	0	4	0	0	0	0	0	0	0
Otu00679	0	0	0	0	0	0	0	0	0	0	0	0	0	0	0	0	0	0	3	0
Otu00683	3	0	0	3	0	0	0	0	0	0	0	0	0	0	0	0	0	0	14	0
Otu00689	1	0	0	0	0	0	0	0	0	0	12	0	0	0	0	0	0	0	0	0
Otu00691	0	0	0	0	10	0	0	0	0	0	0	0	0	0	3	6	0	0	0	0
Otu00694	0	0	0	0	0	0	0	0	1	0	0	0	0	0	4	0	1	0	0	0
Otu00696	0	0	0	0	0	0	0	0	0	0	0	0	0	0	0	0	16	0	10	8
Otu00701	0	0	0	0	0	0	0	0	0	0	0	0	0	0	8	3	0	0	0	0
Otu00702	0	0	0	0	0	0	0	3	0	4	2	0	0	0	0	0	0	1	0	0
Otu00703	3	0	0	0	1	0	0	0	0	0	0	0	0	7	0	12	0	0	2	0
Otu00706	0	0	0	0	0	0	0	0	0	0	0	0	0	0	0	0	0	8	0	0
Otu00711	0	0	0	0	0	0	0	0	0	0	0	0	0	0	0	0	0	0	26	0
Otu00713	0	0	0	0	0	0	0	0	0	0	0	0	0	0	0	0	0	0	15	0
Otu00720	0	0	0	0	0	0	0	0	0	0	78	0	0	0	0	0	0	0	0	0
Otu00723	0	0	2	0	0	0	0	0	0	0	8	4	0	1	1	0	0	0	2	1
Otu00733	0	0	0	0	0	0	0	3	1	0	3	0	1	0	0	0	0	0	0	0
Otu00736	0	0	0	0	0	0	0	0	0	0	0	0	0	0	1	0	1	1	1	1
Otu00738	0	0	0	0	0	0	0	0	0	92	0	0	0	0	0	0	0	0	0	0
Otu00744	0	0	0	0	0	0	0	0	0	0	0	0	0	0	0	0	4	0	0	0
Otu00746	0	0	0	0	0	0	0	0	7	0	0	0	0	0	0	0	0	0	6	0
Otu00748	9	4	1	0	0	8	1	0	0	0	0	0	0	0	0	0	0	0	0	0
Otu00749	0	0	1	0	0	3	0	0	10	0	0	1	0	0	0	0	0	0	0	0
Otu00751	0	0	0	0	0	0	0	45	0	0	0	0	0	0	0	0	0	0	0	0
Otu00752	0	0	0	0	0	0	0	0	0	0	0	0	0	0	0	0	0	0	6	0
Otu00753	0	0	0	0	0	0	0	0	0	0	0	0	0	0	0	64	0	0	0	0
Otu00757	0	0	0	0	0	0	0	0	0	0	0	0	0	0	0	0	0	0	0	8
Otu00763	0	0	0	0	0	0	0	0	11	0	0	0	0	0	0	0	0	0	0	0
Otu00769	0	0	0	0	0	0	0	2	0	1	0	0	6	0	0	0	0	0	0	0
Otu00774	0	0	0	0	0	0	0	0	0	0	0	0	0	0	0	2	0	0	0	1
Otu00776	0	0	0	0	0	0	8	0	0	0	0	0	0	0	0	0	0	0	0	0
Otu00781	0	0	0	0	0	0	0	0	0	0	0	0	0	0	0	2	0	0	0	1
Otu00784	0	0	0	0	0	0	0	1	0	0	0	0	0	0	0	0	0	4	0	0
Otu00798	0	0	0	0	0	0	0	0	0	0	12	0	0	0	0	0	0	0	21	0
Otu00799	0	0	0	2	0	0	0	0	0	0	23	0	0	0	0	0	0	0	0	0
Otu00800	0	0	0	0	0	0	0	0	0	0	0	0	0	0	0	0	6	0	0	0
Otu00805	0	0	0	0	0	0	0	0	0	0	0	0	0	0	9	0	0	0	0	0
Otu00808	0	0	0	0	0	0	0	0	0	0	0	0	1	0	0	0	69	0	0	0
Otu00809	0	2	0	1	4	3	0	0	0	0	0	0	0	0	3	0	0	0	0	0
Otu00812	0	0	0	0	0	0	0	0	0	15	0	0	0	0	0	0	0	0	0	0
Otu00815	0	0	0	0	0	0	0	4	0	0	1	0	0	0	0	0	0	0	0	0
Otu00817	0	0	0	0	0	0	0	0	0	0	0	0	0	0	20	0	0	0	0	0
Otu00820	1	0	0	0	0	0	0	0	0	1	0	2	0	0	0	1	0	0	0	0
Otu00832	0	0	0	0	0	0	0	5	0	0	0	0	0	0	0	0	0	0	0	0
Otu00833	0	0	11	0	0	0	5	2	0	2	0	0	0	0	0	0	0	2	0	2
Otu00838	0	0	0	0	0	0	0	0	0	84	0	0	0	0	0	0	0	0	0	0
Otu00842	0	0	0	0	0	0	0	0	0	0	0	0	0	0	0	0	0	0	0	3
Otu00844	0	0	0	0	0	0	0	0	0	0	0	0	0	0	0	0	0	0	0	5
Otu00850	0	0	0	0	0	0	0	0	4	0	0	0	0	0	0	0	0	0	0	0
Otu00859	0	3	0	1	3	2	0	0	0	0	0	0	2	0	2	3	0	0	0	0
Otu00861	0	0	0	0	0	0	0	0	0	0	0	0	0	1	0	6	0	0	0	0
Otu00862	0	0	0	0	0	0	0	0	0	0	0	0	0	0	17	0	0	0	0	0
Otu00864	0	1	0	0	0	0	0	0	0	0	0	0	3	1	9	1	0	0	0	0
Otu00875	0	0	21	0	0	0	0	0	0	0	0	1	0	0	0	0	0	0	0	0
Otu00878	0	0	0	0	0	0	0	0	0	0	0	0	0	0	7	0	0	0	0	0
Otu00883	0	3	0	0	0	0	0	0	0	0	0	0	0	0	0	0	0	0	0	0
Otu00884	0	0	0	0	0	0	0	0	0	0	0	0	0	0	0	0	0	0	15	0
Otu00885	8	0	0	0	0	0	0	0	0	0	10	0	0	0	0	0	0	0	0	0
Otu00887	0	0	1	0	0	0	0	0	0	1	1	0	0	0	0	0	0	0	0	0
Otu00890	0	0	0	0	0	0	10	0	0	0	0	0	0	0	0	0	0	0	0	0
Otu00891	3	0	0	0	0	0	0	0	0	0	23	0	0	0	0	0	0	0	0	0
Otu00893	0	0	0	0	0	0	0	0	0	0	32	0	0	0	0	0	0	0	0	0
Otu00898	0	0	0	2	1	0	0	0	0	0	0	0	0	0	0	0	0	0	0	0
Otu00899	0	0	0	2	5	0	0	0	0	0	0	0	0	0	0	0	0	0	0	0
Otu00901	0	0	0	4	0	2	0	0	0	0	0	0	1	0	0	0	0	0	0	0
Otu00906	0	3	0	0	1	0	0	0	0	0	0	0	3	0	0	0	0	0	0	0
Otu00917	0	0	0	0	0	0	0	2	0	3	0	0	0	0	0	0	0	0	2	0
Otu00921	4	0	0	0	0	3	0	0	0	0	0	0	0	0	0	1	0	0	0	0
Otu00923	0	0	0	0	0	0	1	2	1	0	0	0	0	0	0	0	1	4	0	1
Otu00927	0	0	0	0	0	0	0	0	0	0	0	0	0	0	0	6	0	0	0	0
Otu00932	0	0	0	0	0	0	0	26	0	17	0	0	0	0	0	0	0	0	0	0
Otu00935	0	0	0	0	0	0	0	0	0	0	0	0	0	0	0	0	17	0	0	4
Otu00936	0	0	0	0	0	0	0	0	0	0	0	0	0	10	0	0	5	0	0	0
Otu00942	0	0	0	0	0	0	0	0	0	9	0	0	0	0	0	0	0	0	0	0
Otu00946	0	0	0	0	0	0	0	1	0	0	0	0	0	0	0	0	0	2	0	0
Otu00948	0	0	0	0	0	0	0	0	0	0	0	0	0	0	0	0	47	0	0	0
Otu00949	0	0	0	0	2	0	1	0	0	0	0	0	0	1	0	1	1	0	1	0
Otu00954	6	0	0	0	0	0	0	0	0	0	0	0	0	0	0	0	0	0	0	0
Otu00963	0	0	3	3	1	2	0	0	0	0	1	0	0	0	0	1	0	0	0	0
Otu00966	1	0	1	0	0	0	0	0	0	0	0	1	0	0	0	0	1	0	0	0
Otu00968	0	0	0	0	0	0	0	0	0	0	0	0	0	0	0	0	0	0	36	0
Otu00970	0	3	0	0	0	3	0	0	0	0	0	0	0	4	5	1	0	0	0	0
Otu00971	1	0	0	0	1	3	0	0	0	0	0	0	1	0	0	0	0	0	0	0
Otu00984	0	0	0	0	0	0	0	0	0	0	0	0	0	0	0	0	47	0	0	0
Otu00988	0	0	0	0	0	0	0	0	0	0	0	0	0	0	0	0	15	0	0	0
Otu00996	0	0	0	0	0	0	0	0	0	0	0	0	0	0	0	3	0	0	0	0
Otu00999	0	0	5	0	0	0	0	0	0	0	0	0	0	0	0	0	0	0	0	0
Otu01002	0	0	0	0	0	0	0	0	0	0	0	0	0	9	0	0	0	0	0	0
Otu01003	0	8	0	0	0	0	0	0	0	0	0	0	0	0	0	0	0	0	0	0
Otu01005	7	0	0	0	0	0	0	0	0	0	0	0	1	0	0	0	0	0	0	0
Otu01006	0	0	0	0	0	1	0	4	0	1	2	0	0	12	0	6	0	0	0	0
Otu01008	0	0	0	0	0	0	0	0	0	0	0	0	0	0	0	4	0	0	0	0
Otu01009	0	0	0	0	0	0	5	0	0	0	0	0	0	0	0	0	0	0	0	0
Otu01010	53	0	0	0	0	0	0	0	0	0	0	0	0	0	0	0	0	0	0	0
Otu01011	0	4	0	0	3	0	0	0	0	0	0	0	0	0	1	0	0	0	0	0
Otu01015	1	0	0	0	0	0	0	0	0	0	0	3	0	0	0	0	0	0	0	0
Otu01029	0	0	0	0	0	0	0	0	0	0	0	0	0	0	0	0	0	0	0	6
Otu01033	0	2	0	0	1	1	0	0	0	0	0	0	0	0	0	0	0	0	0	0
Otu01035	0	0	0	0	0	0	0	0	0	0	0	0	0	0	0	0	0	0	0	8
Otu01044	3	0	0	0	0	0	0	0	0	0	0	0	0	0	0	0	0	0	0	0
Otu01045	0	0	0	0	0	0	0	0	0	0	4	0	0	0	0	3	0	0	0	0
Otu01047	0	0	0	0	0	0	0	0	0	0	0	0	0	0	0	0	16	0	0	0
Otu01054	3	0	0	0	2	0	0	0	0	0	0	0	0	0	0	1	0	0	0	0
Otu01056	0	0	0	0	0	0	0	0	0	0	0	0	0	0	0	0	0	4	2	0
Otu01063	0	2	0	0	0	1	0	0	0	0	0	0	0	0	0	0	0	0	0	0
Otu01065	0	0	0	0	0	0	0	0	0	0	0	0	0	0	10	0	0	0	0	0
Otu01073	0	0	0	0	0	0	0	0	0	0	0	0	0	0	0	0	0	0	15	23
Otu01086	0	0	0	0	0	0	0	51	0	0	0	0	0	0	0	0	0	0	0	0
Otu01089	0	0	0	0	0	0	0	0	0	0	0	9	0	0	0	0	0	0	0	0
Otu01092	0	0	0	0	0	0	0	0	0	0	0	0	0	5	0	0	0	0	0	0
Otu01094	0	0	0	0	0	0	0	0	0	0	0	0	0	0	0	4	0	0	0	0
Otu01099	0	0	0	5	0	0	0	0	0	0	0	10	0	0	0	0	0	0	0	0
Otu01106	0	0	0	0	0	0	14	0	0	0	0	0	0	0	0	0	0	0	0	0
Otu01107	0	0	0	4	0	0	0	0	0	0	0	2	0	0	0	0	0	0	0	0
Otu01111	0	10	0	0	1	0	0	0	0	0	0	0	0	0	0	0	0	0	0	0
Otu01116	4	0	0	0	0	0	0	0	0	0	0	0	0	0	0	0	0	0	0	0
Otu01129	0	0	0	0	0	0	0	0	0	0	0	0	0	0	0	0	32	0	0	0
Otu01133	0	0	0	0	0	0	0	2	0	0	6	0	0	0	0	0	0	0	0	0
Otu01136	0	4	0	0	1	0	0	0	16	0	0	0	0	0	0	0	0	0	0	0
Otu01137	0	0	0	0	0	0	0	0	0	0	0	0	1	0	0	15	0	0	0	0
Otu01138	0	1	0	1	0	0	0	0	0	0	0	0	0	1	0	0	0	0	0	0
Otu01147	0	0	0	0	1	0	0	1	0	0	0	0	3	0	0	0	0	0	0	0
Otu01149	0	0	0	0	0	0	0	0	0	0	0	0	0	0	0	0	0	0	0	3
Otu01158	0	0	0	0	0	0	0	0	0	33	0	0	0	0	0	0	0	0	0	0
Otu01166	0	0	0	0	0	0	0	0	0	0	1	0	1	0	0	0	1	0	0	0
Otu01195	0	0	0	0	0	0	0	0	0	0	4	0	0	0	0	0	0	0	0	0
Otu01211	0	0	0	0	0	0	0	0	0	0	0	0	1	2	0	0	0	0	0	0
Otu01213	0	0	0	0	0	0	0	0	0	0	0	1	1	0	0	2	0	0	0	0
Otu01217	0	2	0	0	0	1	0	0	0	0	0	0	0	0	0	1	0	0	0	0
Otu01219	5	0	0	2	0	0	0	0	0	0	0	1	0	0	0	1	0	0	0	0
Otu01258	0	0	0	0	0	0	1	1	0	0	0	0	1	0	0	0	0	0	0	0
Otu01262	0	0	0	0	0	0	0	29	0	0	0	0	0	0	0	0	0	0	0	0
Otu01265	0	0	0	0	0	0	0	0	0	0	3	0	2	0	0	0	0	0	0	0
Otu01266	0	0	0	0	0	0	0	0	0	2	0	0	0	1	0	0	0	0	0	0
Otu01273	0	0	0	0	0	1	0	0	0	1	2	0	0	7	0	9	0	0	0	0
Otu01296	0	0	0	0	0	0	0	0	0	0	0	0	0	0	0	0	14	0	0	0
Otu01301	0	0	0	1	0	0	0	0	0	0	4	2	0	0	2	0	0	0	0	0
Otu01313	0	0	0	0	0	0	0	0	0	0	3	12	0	14	0	0	0	0	0	0
Otu01317	0	0	0	0	0	0	3	0	0	0	2	0	0	0	0	0	0	0	0	0
Otu01326	0	0	0	0	0	0	0	0	0	0	0	0	0	0	0	0	0	0	5	0
Otu01330	8	0	0	0	0	0	0	0	0	0	0	0	0	0	0	0	0	0	0	0
Otu01335	0	0	0	0	0	0	0	0	0	0	0	0	0	0	34	0	0	0	0	0
Otu01338	0	0	0	0	0	0	0	0	0	0	0	0	0	0	0	0	7	0	0	0
Otu01343	2	0	3	0	0	0	0	0	0	2	0	2	0	0	0	0	0	0	0	0
Otu01356	0	0	1	1	2	0	0	0	0	0	0	0	1	0	0	0	0	0	0	0
Otu01358	0	0	0	0	0	0	0	0	0	1	0	0	2	0	0	0	0	0	0	0
Otu01359	0	0	0	0	0	0	0	0	0	0	0	0	0	0	0	0	0	0	8	0
Otu01361	0	0	0	0	0	0	0	0	0	0	10	0	0	0	0	0	0	0	0	0
Otu01362	0	0	0	0	0	0	0	0	0	0	0	0	7	0	0	0	0	0	0	0
Otu01364	0	1	0	0	0	0	0	0	0	0	1	0	0	1	0	1	0	0	0	0
Otu01366	0	0	0	0	0	1	0	0	0	0	0	0	0	2	0	1	0	0	0	0
Otu01377	0	0	0	0	0	0	0	0	0	0	1	2	0	0	0	1	0	0	2	0
Otu01387	0	0	0	0	0	0	0	0	0	0	4	0	2	0	0	0	0	0	0	0
Otu01390	0	0	3	0	0	0	0	0	0	0	0	0	0	0	0	0	0	0	0	0
Otu01393	0	0	0	0	0	0	0	0	0	0	0	0	0	0	0	0	0	0	3	0
Otu01418	0	0	0	0	0	0	0	0	0	0	20	0	0	0	0	0	0	0	0	0
Otu01420	0	0	0	0	0	0	0	0	0	0	0	0	0	0	0	0	3	0	0	0
Otu01423	0	0	0	0	0	0	0	0	0	0	0	4	0	0	0	0	0	0	0	0
Otu01425	3	0	0	0	0	0	0	0	0	0	0	0	0	0	0	0	0	0	0	0
Otu01430	0	0	0	4	0	0	0	0	0	0	0	0	0	0	0	0	0	0	0	0
Otu01431	0	0	0	0	0	0	0	2	1	0	0	0	0	0	0	0	0	0	0	2
Otu01436	0	0	0	0	0	0	1	0	0	0	0	0	0	0	3	2	1	0	0	0
Otu01446	0	0	0	0	0	0	3	0	1	0	0	0	0	0	2	0	0	0	0	0
Otu01459	0	0	0	0	0	0	0	1	2	1	0	0	0	0	0	0	0	0	3	0
Otu01464	0	0	0	0	0	0	0	0	0	0	0	0	3	1	1	0	0	0	0	0
Otu01478	0	0	0	0	0	0	0	0	0	0	0	3	0	0	0	0	0	0	0	0
Otu01486	2	1	0	0	1	13	0	0	0	0	0	0	0	0	0	0	0	0	0	0
Otu01503	0	0	0	0	0	0	0	0	0	0	3	0	0	0	0	0	0	0	0	0
Otu01504	0	0	0	0	0	0	0	0	0	0	0	0	0	0	0	0	22	0	0	0
Otu01509	0	0	0	0	0	0	0	0	0	0	22	0	0	0	0	0	0	0	0	0
Otu01517	0	0	0	0	0	0	0	0	0	3	0	1	0	0	0	0	0	0	0	0
Otu01519	0	2	0	0	0	0	0	5	0	2	0	0	0	0	1	0	0	0	0	0
Otu01522	0	0	0	3	0	0	0	0	0	0	0	0	0	1	2	0	0	0	0	0
Otu01527	0	0	0	0	0	0	0	0	0	0	0	0	0	0	0	0	0	0	15	0
Otu01534	0	0	0	0	0	0	0	0	0	0	0	0	5	0	0	0	0	0	0	0
Otu01536	0	0	0	0	0	1	0	0	0	0	0	0	0	0	2	0	0	0	0	0
Otu01538	0	0	1	0	0	0	0	0	0	2	0	4	0	0	0	0	0	0	0	0
Otu01542	0	0	0	0	0	0	0	0	0	0	0	0	0	0	0	0	0	0	10	0
Otu01547	0	0	0	0	0	0	0	0	0	0	0	0	0	0	0	0	0	0	6	0
Otu01567	0	0	0	0	0	0	0	0	0	0	0	0	0	4	0	0	0	0	0	0
Otu01581	0	0	0	0	0	0	0	0	0	0	0	0	0	0	0	0	0	0	3	0
Otu01590	0	0	0	0	0	0	4	0	0	0	0	0	0	0	0	0	0	0	0	0
Otu01610	0	0	0	0	0	0	0	0	0	0	4	0	0	0	0	0	0	0	0	0
Otu01634	0	0	0	0	0	1	0	0	0	0	2	0	0	2	0	0	0	0	0	0
Otu01641	0	0	0	0	0	0	0	0	0	0	0	0	0	0	0	0	0	0	9	0
Otu01669	0	0	0	0	0	0	0	0	0	0	0	0	0	0	0	0	5	0	0	0
Otu01675	0	0	0	0	0	0	0	0	0	0	0	0	0	0	0	0	0	0	9	0
Otu01677	0	0	0	0	0	0	0	0	0	0	0	0	0	0	0	0	0	18	0	0
Otu01685	0	0	0	0	0	0	0	1	0	0	0	0	0	0	0	0	2	0	0	0
Otu01686	0	0	0	0	0	0	0	0	0	0	3	0	0	0	0	0	0	0	0	0
Otu01688	0	0	0	0	0	0	0	0	0	0	0	0	0	0	0	0	21	0	0	0
Otu01697	0	0	0	0	0	0	0	0	0	0	0	0	0	0	22	0	0	0	0	0
Otu01702	0	0	0	0	0	1	0	0	0	3	0	0	0	0	0	0	0	0	8	0
Otu01705	0	0	0	0	0	0	0	0	0	0	0	0	0	0	0	0	0	0	0	8
Otu01737	0	0	0	0	0	0	0	0	0	0	0	0	0	0	0	0	0	13	0	0
Otu01746	0	0	0	0	0	0	10	0	0	0	0	0	0	0	0	0	0	0	0	0
Otu01749	0	0	0	0	0	0	0	0	0	9	0	0	0	0	0	0	0	0	0	0
Otu01754	0	0	0	0	0	0	0	0	0	0	0	0	0	0	0	0	3	0	0	0
Otu01757	0	0	0	0	0	0	0	0	0	0	0	0	0	0	0	6	0	0	0	0
Otu01763	0	0	3	1	1	0	0	0	0	0	0	0	0	0	0	1	0	0	0	0
Otu01770	11	0	0	0	0	0	0	0	0	0	0	0	0	0	0	0	0	0	0	0
Otu01779	0	0	0	1	0	0	0	0	0	0	0	0	0	1	1	1	0	0	0	0
Otu01797	0	0	0	0	0	0	7	0	0	0	0	0	0	0	0	0	4	0	0	0
Otu01812	0	0	0	0	3	0	0	0	0	0	0	0	0	0	0	0	0	0	0	0
Otu01828	0	0	0	0	0	18	0	0	0	0	0	0	0	0	0	0	0	0	0	0
Otu01831	0	0	0	0	0	0	0	0	0	0	9	0	0	4	0	0	0	0	0	0
Otu01839	0	0	0	0	0	0	0	0	0	0	0	0	0	10	0	0	0	0	0	0
Otu01845	0	0	0	0	0	0	0	0	0	0	0	0	0	0	0	0	0	0	3	0
Otu01852	0	0	0	0	0	0	0	0	0	0	0	0	3	0	0	0	0	0	0	0
Otu01919	0	0	0	0	0	0	0	0	0	0	0	0	0	0	5	0	0	0	0	0
Otu01921	0	0	0	0	0	0	0	0	0	0	0	0	0	0	7	0	0	0	0	0
Otu01925	0	0	0	0	0	0	0	0	0	0	0	0	0	0	0	0	0	0	2	1
Otu01930	0	0	0	0	0	0	0	0	0	0	0	0	0	0	0	0	0	0	9	0
Otu01939	0	0	0	0	0	0	0	0	0	0	0	0	0	0	0	0	5	0	0	0
Otu01943	0	0	0	0	0	0	0	0	0	14	0	0	0	0	0	0	0	0	0	0
Otu01947	0	0	0	0	0	0	0	0	0	0	0	0	0	0	0	0	0	0	9	0
Otu01966	0	0	0	0	0	0	0	0	0	0	0	0	0	0	0	0	0	0	16	0
Otu01970	0	0	0	0	0	0	0	5	0	0	0	0	0	0	0	0	0	0	0	0
Otu01974	0	0	0	0	0	0	0	0	0	0	0	0	0	0	0	0	0	0	4	0
Otu01981	0	0	0	0	6	0	0	0	0	0	0	0	0	0	0	0	0	0	0	0
Otu02004	0	0	0	0	0	0	0	0	6	0	0	0	0	0	0	0	0	0	0	0
Otu02029	0	0	0	0	0	0	0	0	0	0	0	0	0	0	0	15	0	0	0	0
Otu02033	0	0	0	0	0	0	0	0	0	0	0	0	0	0	4	0	0	0	0	0
Otu02063	0	1	0	0	3	2	0	0	0	0	0	0	0	0	0	0	0	0	0	0
Otu02072	0	0	0	0	2	0	0	0	0	0	0	0	0	0	2	0	0	0	0	0
Otu02088	0	0	0	0	0	0	0	0	0	0	14	0	0	0	0	0	0	0	0	0
Otu02097	0	0	1	0	0	0	0	0	0	0	0	0	0	0	0	0	0	0	0	2
Otu02104	0	0	0	0	0	0	0	0	0	0	0	0	13	0	0	0	0	0	0	0
Otu02123	0	0	0	0	0	0	0	0	0	0	2	0	0	3	3	0	0	0	0	0
Otu02146	0	0	0	0	0	0	0	0	0	3	0	0	0	0	0	0	0	0	0	0
Otu02155	0	0	0	0	0	0	0	0	0	0	12	0	0	0	0	0	0	0	0	0
Otu02173	0	0	0	0	0	0	0	2	0	0	0	0	0	0	0	0	0	0	1	4
Otu02174	0	0	0	0	0	0	0	0	3	0	0	0	0	0	0	0	2	0	0	1
Otu02177	0	0	0	0	0	0	0	6	0	0	0	0	0	0	0	0	0	0	0	0
Otu02184	0	0	0	0	0	0	0	0	0	0	0	7	0	0	0	1	0	0	0	0
Otu02187	0	0	0	0	0	0	0	0	0	0	0	0	0	0	4	0	0	0	0	0
Otu02231	0	0	0	0	0	0	1	7	0	0	0	0	0	0	0	0	0	0	1	0
Otu02240	0	0	0	0	0	0	0	0	0	0	0	0	0	0	9	0	0	0	0	0
Otu02246	0	0	0	0	0	0	0	0	0	0	0	0	9	0	0	0	0	0	0	0
Otu02263	0	0	0	0	0	0	0	0	0	0	0	0	0	0	0	0	0	0	0	9
Otu02265	0	0	0	0	0	0	0	0	9	0	0	0	0	0	0	0	0	0	0	0
Otu02270	0	0	0	0	0	0	0	0	0	0	0	0	0	0	0	0	0	0	3	0
Otu02313	0	0	0	0	0	0	4	0	0	0	0	0	0	0	0	0	0	0	0	0
Otu02344	0	0	0	0	0	0	0	0	0	11	0	0	0	0	0	0	0	0	0	0
Otu02365	0	0	0	0	0	0	0	1	1	1	0	0	0	0	0	0	0	0	0	0
Otu02373	0	0	0	0	0	0	0	0	0	0	11	0	0	0	0	0	0	0	0	0
Otu02388	0	0	0	0	0	0	0	0	4	0	0	0	0	0	0	0	0	0	0	0
Otu02405	0	0	7	0	0	0	0	0	0	0	0	0	0	0	0	0	0	0	0	0
Otu02415	0	0	0	0	0	0	0	4	0	0	0	0	0	0	0	0	0	0	0	0
Otu02419	0	0	0	0	0	0	0	0	0	0	3	0	0	3	0	0	0	0	0	0
Otu02421	0	0	0	0	0	0	0	0	0	6	0	0	0	0	0	0	0	0	0	0
Otu02436	0	0	0	0	0	0	0	0	0	0	0	0	0	0	0	0	0	0	0	7
Otu02438	0	0	0	0	0	0	0	0	0	0	0	0	0	0	3	0	0	0	0	0
Otu02443	0	0	0	0	0	0	0	0	0	3	0	0	0	0	0	0	0	0	0	0
Otu02450	0	0	0	0	0	0	0	1	0	0	0	0	0	0	0	0	0	1	0	1
Otu02468	0	0	0	0	0	0	0	0	0	0	0	0	0	0	0	0	0	8	0	0
Otu02469	0	0	0	0	0	0	0	0	0	0	0	0	0	0	0	3	0	0	0	0
Otu02474	0	0	0	0	0	0	0	0	8	0	0	0	0	0	0	0	0	0	0	0
Otu02481	0	0	0	0	0	0	0	2	0	0	0	0	0	0	1	0	0	0	1	0
Otu02499	0	0	0	0	0	0	0	0	0	0	0	0	3	0	0	0	0	0	0	0
Otu02510	0	0	0	0	0	0	0	0	0	0	0	0	10	0	0	0	0	0	0	0
Otu02537	0	0	1	0	0	0	0	0	0	0	0	0	0	1	0	0	2	0	0	0
Otu02541	0	0	0	0	0	0	0	5	0	0	0	0	0	0	0	0	0	0	0	0
Otu02547	0	0	0	0	0	0	0	0	0	0	9	0	0	0	0	0	0	0	0	0
Otu02560	0	0	0	0	0	0	0	0	0	0	0	0	0	0	0	0	0	0	0	9
Otu02564	0	0	0	0	0	0	0	0	0	0	0	0	0	0	2	1	0	0	0	0
Otu02570	0	0	0	0	0	0	0	1	0	0	0	0	0	0	0	0	0	1	0	1
Otu02592	0	0	0	0	0	0	0	9	0	0	0	0	0	0	0	0	0	0	0	0
Otu02598	0	0	0	0	0	0	0	0	0	0	0	0	0	0	0	0	0	9	0	0
Otu02613	0	0	0	0	0	9	0	0	0	0	0	0	0	0	0	0	0	0	0	0
Otu02622	0	0	0	0	1	0	0	0	0	0	0	0	0	0	2	0	0	0	0	0
Otu02625	0	0	0	0	0	0	0	0	0	0	0	0	0	0	0	0	7	0	0	0
Otu02637	0	0	0	0	0	0	0	0	0	0	0	0	0	0	0	0	5	0	0	0
Otu02638	0	0	0	0	0	0	0	0	0	0	9	0	0	0	0	0	0	0	0	0
Otu02669	0	0	0	0	0	0	0	0	0	0	0	0	0	0	0	0	0	0	5	2
Otu02682	0	0	0	0	0	0	0	0	0	0	0	0	0	0	0	0	4	0	1	0
Otu02699	0	0	0	0	0	8	0	0	0	0	0	0	0	0	0	0	0	0	0	0
Otu02703	0	0	0	0	0	0	0	0	0	0	0	0	8	0	0	0	0	0	0	0
Otu02769	0	0	0	0	0	0	0	0	0	0	0	0	0	0	0	0	6	0	0	0
Otu02782	0	0	0	0	3	0	0	0	0	0	0	0	0	0	0	0	0	0	0	0
Otu02791	0	0	0	0	0	0	0	3	0	0	0	0	0	0	0	0	0	0	0	0
Otu02837	0	0	1	0	0	0	0	0	0	1	0	1	0	0	0	0	0	0	0	0
Otu02917	0	0	0	0	0	0	0	0	4	0	0	0	0	0	0	0	0	0	0	0
Otu02929	3	0	0	0	0	0	0	0	0	0	0	0	0	0	0	0	0	0	0	0
Otu02963	0	0	0	0	0	0	0	0	0	5	0	0	0	0	0	0	0	0	0	0
Otu03048	0	0	0	0	4	0	0	0	0	0	0	0	0	0	0	0	0	0	0	0
Otu03068	1	0	0	0	0	0	0	0	0	0	0	0	0	0	0	1	0	0	1	0
Otu03089	0	0	0	0	0	0	0	0	0	0	0	0	0	0	0	0	3	0	0	0
Otu03141	0	0	0	0	0	0	0	0	0	4	0	0	0	0	0	0	0	0	0	0
Otu03154	0	0	0	0	0	3	0	0	0	0	0	0	0	0	0	0	0	0	0	0
Otu03163	0	0	0	3	0	0	0	0	0	0	0	0	0	0	0	0	0	0	0	0
Otu03166	0	0	0	0	0	0	0	0	0	0	0	0	0	0	0	0	0	0	1	2
Otu03179	0	0	0	0	0	0	1	0	0	0	0	0	0	0	0	0	0	4	0	0
Otu03181	4	0	0	0	0	0	0	0	0	0	0	0	0	0	0	0	0	0	0	0
Otu03267	0	0	0	0	0	0	4	0	0	0	0	0	0	0	0	0	0	1	0	0
Otu03287	0	0	0	0	0	0	0	0	0	0	0	0	0	0	0	0	0	3	0	0
Otu03298	0	0	0	0	0	0	0	0	0	0	0	0	0	0	0	0	0	5	0	0
Otu03328	0	0	0	0	0	0	0	0	5	0	0	0	0	0	0	0	0	0	0	0
Otu03332	0	0	0	0	0	0	0	0	0	0	2	0	0	1	0	0	0	0	0	0
Otu03397	0	0	0	0	0	0	1	0	0	0	0	1	0	0	0	0	0	1	0	0
Otu03429	3	0	0	0	0	0	0	0	0	0	0	0	0	0	0	0	0	0	0	0
Otu03452	0	0	0	0	5	0	0	0	0	0	0	0	0	0	0	0	0	0	0	0
Otu03470	0	0	0	0	0	0	0	0	0	0	0	0	0	0	0	4	0	0	0	0
Otu03560	0	0	0	0	0	0	0	0	0	0	0	0	0	0	0	0	0	4	0	0
Otu03588	0	0	0	0	0	0	0	0	0	0	0	0	0	0	0	0	4	0	0	0
Otu03599	0	0	0	0	0	0	0	0	4	0	0	0	0	0	0	0	0	0	0	0
Otu03615	3	0	0	0	0	0	0	0	0	0	0	0	0	0	0	0	0	0	0	0
Otu03663	0	0	0	0	0	0	0	0	0	0	0	0	0	0	0	0	3	0	0	0
Otu03767	0	0	0	0	0	0	1	0	0	0	0	0	0	0	0	0	0	3	0	0
Otu03810	0	0	0	0	0	0	0	0	3	0	0	0	0	0	0	0	0	0	0	0
Otu03827	0	0	0	0	0	0	0	0	0	0	0	0	0	0	0	0	0	3	0	0
Otu03847	0	0	0	0	0	0	0	0	0	0	4	0	0	0	0	0	0	0	0	0
Otu03853	0	0	0	0	0	4	0	0	0	0	0	0	0	0	0	0	0	0	0	0
Otu03872	0	0	0	0	0	0	0	0	0	0	0	0	0	0	0	0	3	0	0	0
Otu03886	0	0	0	0	0	0	0	0	0	0	0	0	0	0	0	0	3	0	0	0
Otu03924	0	0	0	0	0	0	0	3	0	0	0	0	0	0	0	0	0	0	0	0
Otu03970	0	3	0	0	0	0	0	0	0	0	0	0	0	0	0	0	0	0	0	0
Otu03982	0	0	0	0	0	0	0	0	0	0	0	0	0	0	0	0	3	0	0	0
Otu04126	0	3	0	0	0	0	0	0	0	0	0	0	0	0	0	0	0	0	0	0
Otu04218	0	0	0	0	0	0	0	0	0	3	0	0	0	0	0	0	0	0	0	0
Otu04316	0	0	0	0	0	0	0	2	0	0	0	0	0	1	0	0	0	0	0	0
Otu04341	0	0	0	0	0	0	2	0	0	0	0	0	0	0	0	0	0	1	0	0
Otu04342	0	0	0	0	0	0	1	0	0	0	0	0	0	0	0	0	0	2	0	0
