OTU_id	F14RhizoFungi.2p.A1	F14RhizoFungi.2p.C2	F14RhizoFungi.2p.C4	F14RhizoFungi.2p.D3	F14RhizoFungi.H8	F14RhizoFungi.H9	F14Group.Rhizo108	F14Group.Rhizo99	F14RhizoFungi.G10	F14RhizoFungi.H3	F15RhizoFungi.2p.B1	F15RhizoFungi.2p.C2	F15RhizoFungi.2p.A1	F15RhizoFungi.2p.B5	F15RhizoFungi.2p.D3	F15RhizoFungi.H8	F15Group.Rhizo111	F15Group.Rhizo108	F15RhizoFungi.G10	F15RhizoFungi.G5
Otu00001	401	1	0	0	0	126	0	0	0	0	1	0	0	0	1	1	245	260	128	1
Otu00002	0	23	395	33	194	24	485	4	4	3	1851	1	1	0	1	1	3	27	1	0
Otu00003	0	164	8	116	403	67	30	2	1	0	24	0	0	15	69	0	2	62	0	1
Otu00004	1064	349	247	1020	1693	2825	226	11	143	364	2	37	2292	513	1703	1728	790	687	4	7
Otu00005	579	1215	1190	321	700	713	283	1618	2769	355	7	56	14	24	5	159	25	39	34	184
Otu00006	252	646	2108	1029	1171	452	13	843	1032	329	20	67	30	0	14	277	0	22	2	36
Otu00007	1061	118	127	117	65	244	13	408	70	156	754	474	646	721	260	158	5	75	194	112
Otu00008	0	0	0	54	0	7	0	34	8	0	0	5	0	0	0	3	2	0	98	580
Otu00009	0	7	14	1	17	25	2	13	1	10	62	192	15	143	64	21	134	5	3	1
Otu00010	1	18	22	4	18	14	968	5	15	32	4	1	2	0	0	0	16	47	0	11
Otu00011	0	0	0	1	0	15	0	2	0	1055	0	0	0	0	0	0	0	0	0	0
Otu00012	0	0	0	0	0	1	1	2	37	188	9	0	3	1	1	1	4	102	863	436
Otu00013	1	7	0	0	2	0	0	0	0	0	0	0	0	0	1	0	0	0	0	0
Otu00014	1027	1896	646	537	450	157	4	44	457	4	5	18	0	5	2	1140	5	26	0	0
Otu00015	0	1	2	0	0	0	3	5	0	0	11	4	0	6	30	2	10	6	0	2
Otu00016	0	0	11	57	2	0	37	0	5	0	10	59	26	23	20	7	3	50	1518	1682
Otu00017	0	1	4	5	14	32	19	2	0	0	10	78	29	208	111	101	46	37	1	3
Otu00018	0	710	6	0	1	84	76	1	2	0	3	4	229	131	0	195	202	9	0	18
Otu00019	0	0	0	151	1	31	18	324	832	294	86	251	1	82	153	722	34	58	160	153
Otu00020	49	147	95	116	207	54	1	4	21	21	23	244	187	894	355	42	2	1	48	10
Otu00021	0	0	0	0	0	0	13	0	0	0	1	0	0	0	1	1	1	0	0	10
Otu00022	99	70	106	139	110	50	14	14	1	89	17	89	2	128	174	31	14	44	0	866
Otu00023	1	2	21	0	0	9	2	5	1	8	5	7	3	10	0	3	1	1	1	0
Otu00024	0	6	3	0	56	19	249	32	10	32	121	143	6	78	64	22	126	27	90	6
Otu00025	9	42	32	1	3	44	6	39	5	57	131	160	101	64	7	96	111	75	0	77
Otu00026	0	0	0	0	0	0	658	0	0	0	0	1	0	8	0	1	1390	266	2	1
Otu00027	8	36	22	1	7	12	147	26	2	1219	6	1	2	1	9	19	0	10	188	10
Otu00028	22	10	5	0	1	1	381	10	1	25	38	0	14	52	0	10	131	102	42	14
Otu00029	0	4	0	0	0	6	0	0	0	0	0	0	0	0	1	0	0	0	0	14
Otu00030	9	8	0	0	2	10	444	8	1	4	11	114	33	12	2	16	174	13	7	1
Otu00031	0	0	0	0	0	0	1	0	0	0	0	25	0	52	95	8	0	1	0	0
Otu00032	2	1	0	3	1	2	70	58	13	3	26	10	11	11	77	35	10	15	2	22
Otu00033	25	85	124	81	165	48	4	18	472	116	29	19	0	0	0	9	3	0	0	0
Otu00034	0	3	69	5	3	20	8	1	0	0	7	29	0	47	14	97	161	88	1	0
Otu00035	1	0	0	0	0	1	19	361	11	56	1	3	2	3	0	2	0	0	2	84
Otu00036	0	0	0	0	0	0	0	0	0	0	0	0	0	0	0	67	0	0	0	0
Otu00037	2	17	3	0	15	0	62	2	0	0	231	0	1	38	25	0	1	0	2	0
Otu00038	0	0	0	0	0	0	4	8	0	0	2	0	0	0	0	0	0	0	0	72
Otu00039	0	1	0	0	0	1	20	1	0	0	0	0	0	0	23	17	0	1	1	0
Otu00041	0	0	0	0	0	1	0	319	0	0	0	1	1	1	1	0	7	2784	1	0
Otu00043	0	0	0	0	0	0	0	0	0	0	0	0	0	0	0	0	0	0	33	0
Otu00044	0	0	0	22	0	0	0	0	0	0	26	35	0	38	1	2	0	0	0	1
Otu00045	0	0	4	0	3	24	30	0	0	51	98	2	0	37	3	8	11	4	98	3
Otu00046	0	0	0	0	0	0	0	0	0	0	0	0	0	0	0	2	1	134	42	74
Otu00047	0	0	0	271	1	3	15	228	23	41	0	0	13	0	0	1	0	0	1	45
Otu00048	0	0	19	0	0	0	57	0	0	0	13	77	0	340	1	2	39	10	0	7
Otu00050	0	13	12	8	6	7	30	165	52	16	11	13	19	8	29	19	9	14	3	20
Otu00051	49	133	81	98	180	332	0	0	9	1	60	64	74	87	32	10	0	0	1	0
Otu00053	0	0	1	0	0	0	0	0	0	0	0	1	1	0	1	0	0	0	0	0
Otu00054	0	1	0	0	8	7	32	0	0	0	48	8	0	6	2	46	879	91	0	0
Otu00055	1	3	0	0	0	2	0	25	56	0	0	9	0	1	0	0	2	0	93	14
Otu00056	0	0	1	0	0	0	0	0	0	0	0	0	0	0	1	0	4	0	104	0
Otu00058	0	0	0	0	0	0	0	0	0	0	0	0	0	0	0	1	1	1	1	0
Otu00059	0	0	0	0	0	0	18	0	0	0	0	0	0	1	0	0	2	0	0	1
Otu00060	0	6	1	0	0	0	304	0	18	0	0	0	0	36	0	1	27	63	31	19
Otu00062	0	0	1	0	0	0	6	1	0	0	0	4	0	0	0	0	0	0	0	0
Otu00063	1	0	0	0	0	0	0	50	87	30	0	3	0	0	0	0	1	0	43	419
Otu00064	0	2	0	2	0	0	3	1	0	0	5	0	602	104	32	5	17	35	0	0
Otu00065	0	0	0	0	0	0	0	0	0	0	0	1798	0	378	0	0	6	4	0	21
Otu00067	0	0	0	8	6	0	0	0	0	0	10	0	0	15	1	2	0	0	0	7
Otu00069	0	1	0	0	0	0	0	0	0	0	0	0	0	0	0	0	0	0	112	0
Otu00070	0	57	43	0	1	0	0	0	0	0	0	0	0	47	16	3	0	0	0	1
Otu00072	1	0	0	0	6	2	252	0	0	2	57	4	13	4	3	15	975	122	1	1
Otu00073	0	0	0	0	0	0	0	0	8	0	0	0	0	0	0	0	0	0	0	0
Otu00074	1	0	1	0	1	340	0	0	1	41	0	363	0	0	0	3	0	0	0	0
Otu00075	0	0	0	0	0	0	0	0	0	0	4	138	2	46	18	1	0	21	0	0
Otu00076	46	29	20	135	9	16	1	4	0	1	7	20	0	5	65	12	26	0	0	0
Otu00077	1194	72	10	570	11	7	1	3	0	0	0	0	0	0	0	8	0	0	0	0
Otu00078	0	0	3	1	1	6	0	12	2	14	1	2	4	8	68	1	1	2	6	2
Otu00079	0	7	2	49	0	4	2	1	6	0	0	0	0	0	19	19	10	0	46	0
Otu00080	0	17	27	0	9	35	13	0	0	1	178	352	6	438	160	0	4	1	0	0
Otu00082	0	0	0	0	0	0	0	0	0	0	0	0	0	0	0	16	0	0	0	0
Otu00083	0	0	35	339	15	8	0	33	1	1	3	190	1	55	51	0	0	0	0	0
Otu00084	4	0	0	0	4	1	2	0	35	0	3	0	0	43	28	2	0	4	83	14
Otu00085	0	0	0	2	0	0	169	0	61	631	0	0	0	0	0	0	1	0	46	0
Otu00086	0	0	11	0	1	2	0	0	0	0	0	0	0	0	9	0	0	36	0	0
Otu00088	0	0	22	10	20	0	0	0	0	0	73	0	0	31	20	1	1	106	1	0
Otu00089	0	0	0	0	0	0	0	0	0	0	8	1	0	0	0	0	0	1	0	0
Otu00092	15	27	39	0	0	0	1	14	7	1	0	0	0	0	0	0	0	0	0	8
Otu00093	0	0	22	0	1	27	0	0	0	0	10	0	0	1	0	0	0	0	0	0
Otu00094	11	1	98	39	15	17	0	0	0	0	0	3	2	44	6	4	0	0	0	12
Otu00095	0	0	13	21	0	0	0	0	0	0	11	3	26	0	11	7	25	58	0	1
Otu00096	0	0	0	0	0	0	0	0	0	0	0	5	0	0	130	2	0	0	0	109
Otu00097	0	2	2	1	6	23	18	2	0	4	24	98	10	8	120	38	3	1	0	1
Otu00098	0	84	34	47	18	6	0	1	2	0	0	0	0	0	0	107	0	0	0	0
Otu00100	0	0	0	0	0	0	0	0	0	0	0	0	0	0	0	4	0	0	1	0
Otu00101	116	18	61	0	7	0	0	0	0	0	8	54	155	0	214	62	1	164	0	0
Otu00102	0	25	0	3	1	0	0	0	0	0	0	0	0	0	0	80	0	1	0	13
Otu00103	0	0	0	0	0	0	0	51	66	0	0	0	0	1	0	0	0	0	11	0
Otu00104	3	14	14	22	0	4	0	0	19	0	0	12	52	0	0	4	6	14	0	25
Otu00105	0	0	0	13	0	46	36	12	1	0	0	4	0	0	0	0	0	0	0	5
Otu00107	45	4	25	20	9	0	0	0	0	1	18	14	199	9	77	21	0	0	0	15
Otu00108	0	0	0	0	0	0	0	0	0	0	0	0	0	0	0	0	1	0	0	57
Otu00109	0	0	0	0	0	0	0	0	0	0	0	0	0	0	0	0	0	0	78	0
Otu00110	0	0	3	5	0	1	0	29	28	4	0	4	0	13	4	2	0	0	4	0
Otu00112	0	0	13	0	0	23	0	0	0	0	5	32	28	16	25	1	8	81	49	0
Otu00119	0	1	2	1	0	0	3	0	0	0	12	0	0	0	0	0	0	0	0	0
Otu00122	0	0	0	0	0	0	2	1	0	0	0	0	0	0	0	1	0	0	11	0
Otu00125	0	2	0	1	0	0	0	79	0	0	0	0	23	6	0	0	0	0	52	14
Otu00126	0	0	0	0	0	0	0	222	0	0	0	0	1	23	0	0	0	0	219	1
Otu00127	0	0	1	0	8	1	12	0	0	0	0	0	0	2	0	0	0	0	0	0
Otu00128	0	0	2	0	0	1	2	0	0	0	4	5	0	1	1	1	3	1	0	1
Otu00130	0	0	0	0	0	0	0	0	0	0	1	0	0	0	0	11	3	50	55	0
Otu00131	0	0	8	11	0	2	0	0	0	0	2	2	0	8	0	2	0	0	0	1
Otu00132	2	0	6	2	2	1	13	0	0	0	49	0	16	0	4	2	1	1	0	1
Otu00133	0	0	0	0	93	0	0	1	0	0	0	0	27	0	0	0	0	0	0	0
Otu00134	0	1	0	0	0	0	23	6	48	3	0	0	1	1	0	0	0	0	0	0
Otu00135	0	0	0	0	0	0	0	0	0	0	0	0	1	0	1	0	1	0	0	0
Otu00136	0	0	0	9	2	0	0	0	0	0	0	0	58	9	1	9	0	0	0	0
Otu00137	1	7	8	18	11	8	0	0	4	0	13	10	19	11	5	8	25	7	0	0
Otu00138	0	0	0	0	4	2	0	2	0	0	0	0	0	0	0	0	0	0	0	5
Otu00140	0	22	44	1	0	1	0	0	0	0	4	69	0	1	7	2	0	0	0	13
Otu00141	0	25	0	0	0	0	1	156	0	1172	0	0	0	0	0	0	0	0	0	0
Otu00142	38	0	0	25	0	41	0	0	0	0	4	40	2	9	20	336	0	0	1	12
Otu00143	0	0	11	4	12	9	0	0	0	0	29	9	4	31	17	49	0	0	1	0
Otu00144	0	0	0	0	0	0	0	0	0	0	0	4	0	0	8	0	0	0	0	0
Otu00146	0	0	0	0	0	0	2	0	0	0	0	0	0	0	0	1	0	0	0	0
Otu00148	3	1	1	9	1	0	2	19	1	0	0	9	4	0	2	11	190	0	65	34
Otu00149	0	0	0	0	20	0	0	0	0	0	4	8	0	0	0	4	0	0	0	0
Otu00150	0	0	0	0	0	3	2	0	0	0	19	2	2	12	0	0	2	8	0	0
Otu00151	0	5	10	0	0	0	1	0	8	0	1	3	3	0	14	13	3	0	0	55
Otu00153	0	0	0	0	0	0	0	0	0	0	0	0	0	0	0	0	0	0	43	0
Otu00154	0	0	0	1	1	0	229	102	0	0	0	0	0	0	0	0	1	13	0	0
Otu00155	0	0	0	0	0	0	0	40	0	0	0	1	0	0	0	0	0	0	7	58
Otu00156	0	2	1	9	9	0	91	25	0	0	9	0	1	0	23	0	0	0	0	0
Otu00157	0	0	0	0	0	0	0	0	0	0	0	0	0	0	0	1	0	0	27	25
Otu00158	0	0	0	0	0	0	0	0	0	0	0	0	0	0	0	0	0	17	15	0
Otu00159	0	0	0	0	0	0	0	0	0	0	0	0	0	0	0	0	0	1	0	3
Otu00160	2	0	0	0	0	0	0	0	0	0	7	0	0	0	0	0	0	0	216	181
Otu00161	0	0	1	0	0	0	0	1	0	2	3	0	0	2	1	0	21	9	6	7
Otu00162	0	5	0	0	3	11	0	0	0	0	16	16	0	0	20	0	1	0	51	7
Otu00163	0	0	0	0	0	0	0	0	0	0	0	0	0	0	0	0	0	1	0	9
Otu00164	0	0	3	0	0	0	0	99	94	0	0	35	0	11	9	2	0	1	0	9
Otu00165	0	0	0	0	0	0	0	0	0	0	0	0	0	0	0	0	0	8	0	0
Otu00167	0	0	0	0	0	0	0	0	0	0	0	0	0	0	0	0	0	0	0	4
Otu00168	0	0	0	0	0	0	0	0	0	0	2	1	0	15	3	1	2	49	0	0
Otu00169	78	2	7	2	1	15	0	0	0	0	0	6	0	6	0	0	0	22	0	1
Otu00170	0	3	0	0	0	41	0	0	0	0	21	28	0	41	46	2	0	0	0	0
Otu00172	0	0	4	0	0	0	11	1	0	0	0	1	0	0	0	0	0	0	0	9
Otu00173	0	0	0	0	1	0	0	0	0	0	0	0	0	7	0	4	2	0	0	0
Otu00174	4	9	14	0	1	2	0	0	0	0	1	0	5	6	0	2	0	15	0	14
Otu00175	0	0	0	0	59	0	0	0	0	0	0	0	38	0	0	0	0	6	0	0
Otu00177	0	0	0	0	0	0	0	14	0	0	0	0	0	0	0	0	0	0	0	0
Otu00178	0	3	11	0	0	0	16	9	0	1	0	6	0	0	9	0	0	0	0	0
Otu00179	0	0	0	0	0	0	0	0	0	0	32	0	0	0	30	0	0	0	0	0
Otu00182	0	0	0	0	0	0	3	0	0	0	0	0	0	0	0	0	0	0	0	22
Otu00183	0	0	0	0	0	0	0	0	0	0	0	0	1	0	0	0	0	0	0	19
Otu00184	0	0	0	0	9	0	0	0	0	0	0	0	0	3	41	0	0	9	0	0
Otu00185	0	0	81	81	12	1	1	0	1	0	0	0	0	0	0	4	0	0	0	0
Otu00186	0	0	0	0	0	4	0	0	0	0	0	12	0	0	6	0	0	0	0	0
Otu00187	0	0	4	0	0	21	0	0	0	0	0	0	0	0	0	19	0	0	1	88
Otu00189	0	3	10	11	11	0	0	0	0	0	0	4	0	15	22	2	0	1	0	1
Otu00190	0	0	0	0	0	0	0	0	0	0	27	1	49	11	160	17	1	0	0	0
Otu00192	7	5	0	2	0	14	0	0	0	0	0	0	5	44	0	2	4	23	0	0
Otu00194	0	7	8	0	0	0	0	0	0	0	0	0	0	0	0	10	0	0	0	0
Otu00196	0	0	26	37	0	0	0	66	0	0	0	2	126	17	4	19	0	0	40	0
Otu00198	0	0	2	37	0	9	0	68	0	0	0	5	0	0	8	0	0	0	0	0
Otu00199	0	0	0	0	0	0	0	3	0	0	0	0	0	0	0	1	0	0	94	7
Otu00200	0	0	0	0	3	0	4	0	0	0	5	1	1	0	4	2	16	0	0	0
Otu00201	0	0	0	0	0	0	7	0	0	0	1	0	0	0	0	0	1	0	85	1
Otu00203	0	0	0	0	1	1	1	0	0	0	0	0	0	0	0	0	0	0	0	0
Otu00204	14	22	0	0	0	0	0	0	1	0	0	1	0	0	58	0	0	0	1	0
Otu00206	0	3	0	0	0	0	0	36	1	0	2	0	18	3	0	0	0	0	0	10
Otu00207	0	0	0	0	0	0	76	0	0	0	0	0	0	0	0	0	1	0	0	0
Otu00208	0	0	0	0	0	0	5	0	0	2	10	35	75	2	41	8	2	33	0	0
Otu00209	0	0	0	0	0	0	0	0	0	0	0	1	0	0	0	0	0	0	0	2
Otu00210	0	11	0	0	0	0	34	1	0	0	0	1	0	0	0	0	0	0	0	3
Otu00211	0	0	0	0	0	0	0	0	0	0	0	1	0	0	1	0	0	1	0	1
Otu00212	0	0	0	0	0	0	0	0	0	0	1	3	0	0	0	0	0	0	0	0
Otu00213	1	5	0	8	17	7	0	0	0	1	0	0	51	0	0	15	0	1	0	0
Otu00216	0	5	0	0	0	0	0	0	0	0	0	0	0	0	0	0	0	0	0	0
Otu00217	0	0	0	0	0	0	0	0	0	0	0	0	38	0	7	0	0	0	0	0
Otu00218	0	3	1	0	0	51	0	1	0	0	419	0	0	0	0	8	0	0	0	1
Otu00221	0	0	0	0	0	0	4	0	1	0	224	3	0	0	3	0	1	1	0	0
Otu00222	0	0	0	6	32	0	0	0	0	0	7	5	0	0	0	0	0	0	0	0
Otu00223	0	0	42	0	0	0	0	0	0	0	0	0	0	0	0	16	0	0	0	0
Otu00224	0	4	2	0	3	0	0	0	0	0	50	28	0	30	47	1	11	15	0	0
Otu00225	31	0	11	0	0	20	0	0	0	0	1	0	0	17	1	4	0	0	0	0
Otu00226	0	0	0	0	0	14	0	0	0	0	2	0	0	0	0	0	0	0	0	1
Otu00230	0	0	0	0	0	0	0	0	0	0	0	0	0	1	0	0	0	0	190	0
Otu00235	0	0	1	54	2	0	0	0	0	0	0	3	2	29	0	0	0	1	0	0
Otu00236	0	0	11	0	23	65	0	0	1	0	0	0	4	1	18	4	0	0	0	0
Otu00237	0	0	0	0	0	0	0	30	0	0	0	0	0	0	0	0	0	0	15	0
Otu00239	0	0	0	0	0	0	0	39	0	0	0	0	0	0	0	0	0	0	0	0
Otu00240	0	0	3	3	0	0	0	0	0	0	16	2	2	0	0	1	1	0	0	0
Otu00241	0	0	0	0	0	0	0	0	0	0	0	0	0	0	0	0	0	0	132	0
Otu00242	0	0	0	0	0	0	0	0	0	0	13	0	0	0	0	0	0	0	0	0
Otu00245	0	0	2	3	7	0	0	0	18	0	0	0	0	0	0	22	0	0	0	23
Otu00247	0	0	0	0	0	0	0	0	0	0	0	0	0	0	0	72	0	0	0	0
Otu00248	0	0	0	2	3	0	0	0	0	1	1	0	1	0	11	2	0	1	199	5
Otu00249	0	0	0	0	0	0	0	0	0	0	0	0	0	0	0	0	0	8	1	0
Otu00250	0	15	6	27	13	13	0	0	0	18	0	0	0	0	0	0	0	0	0	0
Otu00252	0	0	0	0	0	0	0	91	0	0	0	0	0	0	0	0	0	0	26	0
Otu00254	0	0	0	0	0	0	0	0	0	0	0	0	26	1	0	0	6	0	0	0
Otu00255	0	0	13	0	0	0	0	0	0	0	0	0	0	0	0	0	0	0	0	0
Otu00257	61	9	0	57	14	0	0	0	8	0	0	0	0	0	0	2	0	0	0	0
Otu00260	0	0	0	0	0	0	0	0	0	0	13	0	177	0	0	0	1	5	0	13
Otu00261	0	0	0	117	0	0	0	0	0	0	0	0	0	0	1	0	0	0	0	0
Otu00262	0	0	15	0	3	1	0	0	0	0	1	0	2	3	2	26	0	0	0	0
Otu00263	27	3	7	15	0	0	0	0	0	0	0	0	0	0	0	8	0	0	0	6
Otu00264	0	0	0	1	0	0	0	0	3	0	0	0	0	0	0	0	0	0	0	21
Otu00266	0	0	0	0	3	0	0	0	0	0	8	9	1	2	68	2	0	0	0	0
Otu00269	2	0	0	0	0	0	0	0	0	0	0	0	1	0	11	0	55	19	0	0
Otu00270	0	0	0	0	0	0	0	4	0	6	0	0	0	0	0	0	0	0	0	0
Otu00271	0	0	4	0	0	0	0	0	0	0	0	0	0	0	0	0	0	1	0	0
Otu00272	0	1	1	0	0	1	0	0	0	15	31	0	0	0	0	0	0	0	9	2
Otu00274	0	0	0	11	0	0	0	0	0	30	1	0	0	0	11	73	0	0	0	0
Otu00275	0	0	3	1	167	3	0	0	0	0	62	0	0	0	19	13	0	0	0	0
Otu00276	0	0	0	0	0	0	0	0	0	0	0	0	0	0	0	0	0	6	0	0
Otu00277	1	0	0	0	0	0	0	0	0	0	3	0	0	0	0	0	0	0	0	0
Otu00278	0	0	0	0	0	0	0	0	0	0	1	0	1	0	0	8	0	0	0	0
Otu00280	0	1	1	3	0	0	0	0	0	4	20	6	5	32	23	5	6	1	8	18
Otu00282	0	3	0	2	3	2	0	5	0	0	0	0	0	0	0	4	0	23	0	12
Otu00283	0	0	0	0	0	0	0	1	1	18	2	0	0	0	0	1	1	0	0	2
Otu00284	0	0	1	0	0	1	1	0	0	0	14	27	1	24	8	5	0	0	0	0
Otu00285	0	0	0	0	0	0	0	0	0	0	0	11	0	0	0	0	0	0	0	0
Otu00286	0	0	6	3	7	0	0	0	0	0	0	1	0	0	8	1	0	0	0	0
Otu00287	0	0	0	0	0	0	0	0	0	0	0	0	0	0	0	0	0	0	0	79
Otu00288	0	1	1	0	0	0	0	0	0	12	2	0	4	10	0	3	0	0	0	0
Otu00289	0	0	0	7	0	0	0	0	0	0	0	0	0	0	0	0	0	0	0	0
Otu00290	0	0	0	24	0	0	0	0	0	0	0	0	0	0	0	0	0	0	0	0
Otu00291	0	0	0	0	0	0	0	0	0	0	0	0	0	0	0	0	0	0	15	1
Otu00292	1	0	0	8	11	8	0	0	0	0	9	9	3	204	1	1	5	0	0	0
Otu00293	0	0	0	0	0	0	47	0	0	0	8	0	0	0	0	4	44	11	0	0
Otu00295	1	2	3	1	3	2	0	6	0	1	4	22	4	3	0	9	0	0	0	2
Otu00297	0	0	0	0	0	0	7	0	0	0	0	0	0	0	0	0	0	0	0	0
Otu00298	0	1	0	0	1	22	0	0	0	0	17	0	23	0	5	3	0	0	0	0
Otu00301	0	8	0	0	0	0	0	0	1	0	0	0	0	0	0	0	0	0	0	0
Otu00304	0	0	0	34	0	0	0	0	0	0	0	0	0	0	0	5	0	0	0	1
Otu00305	0	0	0	0	3	0	0	0	0	0	205	0	0	0	0	0	0	0	0	0
Otu00306	0	0	0	0	0	0	0	0	0	0	0	0	0	0	0	0	0	7	0	0
Otu00307	0	0	0	0	0	0	0	0	0	0	0	0	0	15	37	1	0	0	55	0
Otu00308	0	0	0	0	0	0	0	0	0	0	61	0	0	0	0	0	0	0	0	0
Otu00310	0	0	1	18	0	0	0	11	8	0	0	14	2	0	2	2	0	5	0	0
Otu00313	0	0	0	0	0	0	0	0	0	0	0	7	2	4	6	0	0	6	0	0
Otu00314	0	104	0	0	20	8	0	0	0	0	4	21	1	0	5	1	0	0	0	0
Otu00315	0	0	0	0	0	0	0	2	0	0	0	0	0	0	0	0	0	0	0	29
Otu00316	0	0	0	0	0	0	0	0	0	0	0	0	0	0	0	0	8	7	28	8
Otu00317	0	0	0	0	0	0	0	0	0	0	0	0	0	0	0	0	123	9	0	0
Otu00318	0	0	0	0	0	0	0	0	0	0	0	0	0	0	0	0	19	8	0	12
Otu00319	0	0	0	0	0	0	0	0	0	0	0	0	0	0	78	0	0	0	0	0
Otu00320	0	0	0	0	0	0	0	0	0	0	3	0	0	0	0	0	0	0	0	0
Otu00324	0	0	5	4	0	0	0	0	0	0	3	0	0	10	11	0	0	0	0	0
Otu00325	0	0	0	0	0	0	0	0	0	0	5	0	0	43	0	0	0	0	0	0
Otu00328	0	0	0	0	0	0	0	0	6	0	0	7	3	0	3	0	0	0	0	0
Otu00329	0	0	0	0	0	0	0	0	0	0	1	0	0	10	0	0	0	0	0	0
Otu00330	0	0	0	0	0	0	34	0	0	0	0	0	0	0	0	0	0	0	0	0
Otu00331	0	2	1	1	3	4	0	1	0	0	0	16	0	0	6	6	0	4	9	1
Otu00335	0	0	0	1	0	0	2	2	0	1	0	0	1	1	0	0	0	2	33	0
Otu00337	0	0	0	0	0	0	0	0	0	0	0	0	0	11	0	0	0	0	0	0
Otu00338	0	0	0	0	0	0	0	0	0	38	0	0	0	0	0	0	0	0	0	29
Otu00340	0	80	0	0	0	0	0	1	0	0	0	0	0	0	0	0	0	0	0	0
Otu00341	0	0	0	0	0	0	0	0	0	0	0	1	3	73	0	0	3	8	0	10
Otu00344	0	0	0	0	0	0	0	0	0	20	0	0	0	0	0	0	0	0	0	0
Otu00345	0	0	0	0	0	0	0	0	0	0	2	0	1	7	178	20	0	0	0	0
Otu00346	0	11	0	0	0	0	0	0	0	0	3	0	0	0	0	0	1	0	0	0
Otu00347	0	1	0	0	0	0	0	0	0	0	48	0	0	0	0	0	0	0	0	0
Otu00348	0	0	0	15	92	0	0	0	0	0	0	0	0	0	0	0	0	0	0	0
Otu00349	0	0	0	4	0	0	0	0	0	0	1	61	3	6	48	6	0	0	0	0
Otu00352	0	0	0	0	0	0	4	0	0	0	0	0	0	0	0	0	0	0	0	0
Otu00353	0	0	0	0	0	0	0	0	0	0	0	14	44	0	0	0	1	0	0	1
Otu00356	0	0	0	0	0	0	0	0	0	0	24	9	2	0	0	0	0	0	0	0
Otu00357	0	0	0	0	0	0	0	0	0	0	0	0	0	0	0	0	0	6	0	8
Otu00361	0	0	0	0	0	0	0	0	0	0	0	0	0	0	3	0	6	0	0	0
Otu00363	0	4	0	0	66	0	0	0	0	0	0	2	0	0	0	0	0	0	0	0
Otu00364	0	0	0	0	0	0	0	0	0	0	0	15	0	0	0	0	0	0	0	0
Otu00366	0	0	0	0	0	0	0	0	0	0	0	0	1	0	0	4	0	0	0	0
Otu00368	0	0	0	0	0	0	17	0	0	0	0	0	0	0	0	0	1	0	0	0
Otu00370	0	0	0	0	0	0	0	0	0	0	1	0	0	0	7	0	0	0	0	0
Otu00371	0	0	0	0	0	1	0	0	0	0	44	0	28	0	0	0	0	2	0	5
Otu00374	0	1	0	0	5	5	0	0	0	0	7	0	0	0	4	3	0	0	0	0
Otu00378	1	0	0	2	2	1	0	24	0	0	0	2	1	6	1	0	0	0	0	1
Otu00379	0	1	1	1	7	2	0	0	0	0	1	11	0	9	18	5	0	0	0	5
Otu00380	0	0	0	0	1	0	0	0	0	0	31	0	0	0	0	0	0	0	0	0
Otu00381	0	0	0	0	0	0	0	0	0	0	0	0	338	0	0	0	0	0	0	0
Otu00382	0	0	0	0	0	0	1	0	0	0	0	0	0	3	0	0	0	0	0	0
Otu00383	0	0	0	0	0	0	0	0	0	0	0	56	0	1	0	0	0	0	0	0
Otu00386	0	0	0	0	0	0	0	0	0	0	0	0	0	11	0	0	0	0	0	0
Otu00387	0	0	0	0	3	0	0	122	0	0	0	0	0	0	0	0	0	0	0	0
Otu00388	0	0	0	0	0	0	0	0	0	0	13	0	0	0	0	0	2	0	0	0
Otu00389	0	0	3	4	0	0	0	0	0	6	0	1	0	0	0	0	0	0	0	0
Otu00391	0	0	0	0	0	0	0	0	0	0	0	0	0	0	0	0	0	0	0	23
Otu00392	0	0	0	0	0	0	0	0	0	2	1	0	0	3	0	1	0	0	0	0
Otu00393	0	0	0	0	0	0	0	7	0	0	0	0	0	0	0	0	0	0	0	0
Otu00396	1	4	1	1	3	3	0	0	0	0	2	26	0	6	1	1	0	0	0	1
Otu00397	0	0	0	0	0	0	10	0	0	0	0	0	0	0	0	1	0	0	0	0
Otu00398	0	0	1	0	0	0	0	0	0	0	9	5	2	0	33	0	0	0	0	0
Otu00399	0	0	0	0	0	0	0	10	5	0	0	0	0	0	0	0	0	0	38	0
Otu00400	0	0	0	2	0	0	0	0	0	0	0	0	0	0	2	0	0	0	0	0
Otu00401	0	0	0	0	0	0	0	0	0	0	0	4	3	59	1	0	2	0	0	22
Otu00403	0	0	0	0	0	0	6	0	0	0	0	0	0	0	0	0	0	0	0	0
Otu00404	0	0	0	0	0	0	0	0	0	0	0	0	1	26	0	0	0	13	0	0
Otu00412	20	3	0	78	0	4	9	0	0	0	0	0	0	0	0	1	0	0	0	0
Otu00413	79	10	8	3	3	4	0	0	0	0	0	0	0	0	4	0	0	0	0	0
Otu00415	0	0	0	0	0	0	0	0	18	0	0	0	0	0	0	0	0	0	0	0
Otu00419	0	0	0	0	0	0	1	0	0	4	3	5	0	3	0	0	0	0	3	0
Otu00420	0	0	0	0	0	0	0	0	0	0	10	0	0	0	0	0	0	0	0	0
Otu00423	0	0	0	0	0	0	0	0	0	0	0	0	0	24	0	0	1	0	0	0
Otu00424	0	0	0	0	0	0	0	0	0	0	18	0	0	0	0	0	0	0	0	0
Otu00426	0	0	0	4	0	0	0	0	0	0	0	0	0	0	33	1	0	0	1	9
Otu00427	0	0	0	0	0	0	0	0	0	0	0	5	1	0	9	0	0	0	3	0
Otu00428	0	5	0	0	0	0	0	0	0	0	0	0	0	0	0	1	0	0	0	0
Otu00429	0	0	0	0	0	0	0	0	0	0	2	0	0	7	1	0	0	0	0	12
Otu00430	0	7	30	10	29	2	0	0	0	0	0	0	0	0	0	0	0	0	0	0
Otu00431	0	0	0	0	0	0	8	0	0	0	0	0	0	0	0	0	0	0	0	0
Otu00432	0	0	0	0	0	0	0	0	0	0	0	0	0	0	0	0	0	7	0	0
Otu00436	0	14	0	3	0	16	0	0	0	0	0	0	0	0	0	0	1	0	0	15
Otu00437	0	0	0	0	0	0	0	17	0	0	0	0	0	0	0	0	0	0	0	0
Otu00438	0	0	0	9	0	0	0	0	0	0	0	0	0	0	0	0	0	0	0	0
Otu00442	2	1	0	1	0	0	0	1	0	0	0	0	0	0	0	0	3	3	0	0
Otu00443	0	0	0	0	0	0	1	237	0	0	0	0	0	0	0	0	0	0	0	0
Otu00444	0	0	0	0	0	0	0	2	0	0	0	0	0	0	0	0	0	0	56	1
Otu00446	0	0	0	0	0	0	0	0	2	0	4	0	0	0	0	0	0	0	0	10
Otu00448	0	1	0	0	16	0	0	0	0	0	0	0	0	0	1	0	0	0	0	7
Otu00450	1	1	3	0	0	4	8	0	1	0	2	3	0	0	9	0	3	1	0	0
Otu00451	0	0	0	0	0	0	54	0	0	0	0	0	0	0	0	0	9	0	0	0
Otu00452	0	0	1	8	0	0	0	0	0	0	0	0	0	0	18	0	0	0	0	10
Otu00453	0	0	0	0	0	0	0	0	0	0	0	17	0	3	35	1	0	0	0	0
Otu00454	0	0	0	0	0	0	3	0	0	1	0	0	0	1	0	0	0	2	0	0
Otu00456	0	0	0	0	0	0	0	0	0	0	0	0	151	0	0	0	0	0	0	0
Otu00458	0	0	0	0	0	0	0	10	0	0	0	0	0	0	0	0	0	0	0	4
Otu00459	0	0	0	0	0	0	0	0	0	0	3	0	0	0	0	0	0	0	0	0
Otu00462	0	0	0	0	0	0	0	0	0	0	0	0	0	0	132	0	0	0	0	0
Otu00464	0	0	1	0	1	0	0	0	0	0	1	0	0	0	0	0	0	0	0	0
Otu00465	0	0	0	0	0	0	0	0	0	0	0	0	0	0	30	0	0	0	0	0
Otu00467	0	0	0	0	0	0	0	0	0	0	0	0	0	0	0	0	0	0	0	9
Otu00468	0	0	0	0	3	0	0	0	0	0	0	1	10	0	0	0	0	0	0	1
Otu00469	0	0	0	0	7	0	0	0	0	0	4	0	5	5	2	10	0	0	0	0
Otu00472	0	0	0	0	0	0	0	0	0	0	0	0	0	0	1	5	0	0	0	0
Otu00473	0	0	0	0	0	0	0	0	0	0	2	0	0	40	0	0	0	0	0	0
Otu00476	0	0	0	0	0	0	0	0	0	0	0	1	13	0	0	0	0	0	0	0
Otu00477	0	0	0	0	0	0	6	0	0	0	0	0	0	0	0	0	0	0	0	0
Otu00478	0	3	1	0	6	7	0	0	1	0	0	0	0	0	1	0	0	0	4	0
Otu00479	0	0	0	0	0	0	18	0	0	0	0	0	0	0	0	0	0	0	0	0
Otu00481	0	0	0	0	0	0	0	0	0	0	3	2	0	11	0	0	0	0	0	0
Otu00482	0	0	0	0	0	0	0	0	0	0	0	0	0	0	0	0	18	0	0	0
Otu00483	0	0	1	0	0	0	9	0	0	0	7	1	0	0	1	0	0	1	0	0
Otu00484	0	0	0	0	0	0	0	0	0	0	0	0	0	0	17	0	0	0	0	0
Otu00485	0	0	3	0	0	2	0	0	0	0	0	0	0	5	0	0	0	0	0	0
Otu00486	0	0	7	4	0	0	0	0	0	0	1	0	0	31	11	0	0	0	0	0
Otu00487	0	0	10	0	0	8	0	0	0	14	1	0	0	0	0	1	0	0	0	1
Otu00488	0	0	0	0	0	0	0	0	0	0	2	0	71	0	0	0	2	2	0	0
Otu00490	0	0	0	0	0	0	0	0	0	0	0	0	0	0	0	0	7	0	0	0
Otu00492	0	0	0	0	0	0	0	0	0	0	0	0	0	0	0	0	0	0	113	0
Otu00494	3	0	2	0	7	2	0	0	0	0	8	0	1	3	2	0	0	0	0	0
Otu00495	0	2	1	0	0	3	1	3	1	4	0	5	0	4	0	3	1	1	0	1
Otu00497	0	0	0	0	0	0	0	0	0	0	28	0	0	0	3	0	0	0	0	0
Otu00501	0	4	19	0	11	1	0	0	0	0	17	0	0	0	0	0	0	0	0	0
Otu00505	0	0	0	0	0	0	0	0	0	0	0	0	0	6	2	0	0	0	0	4
Otu00506	0	0	0	0	0	0	0	0	0	0	25	0	0	0	10	0	0	0	0	0
Otu00509	0	0	0	0	0	0	0	0	0	0	0	0	0	0	0	0	0	0	5	0
Otu00511	0	0	0	0	0	0	0	0	0	0	0	0	0	0	0	0	0	5	0	0
Otu00512	0	0	0	0	0	0	0	0	0	0	0	0	0	0	0	0	0	14	0	0
Otu00513	0	1	1	0	0	0	0	0	0	0	3	10	0	6	2	3	0	0	0	0
Otu00516	0	0	0	0	0	0	0	0	0	5	0	0	0	0	0	0	0	0	0	0
Otu00517	0	0	0	0	0	0	16	0	0	0	0	0	0	0	0	0	0	0	0	0
Otu00520	0	0	0	0	0	0	17	0	0	0	0	0	0	0	0	0	0	0	0	0
Otu00521	0	0	0	0	0	0	0	9	11	0	0	0	0	0	0	0	0	0	0	10
Otu00523	0	0	0	0	0	1	0	0	0	0	0	3	6	2	3	3	0	5	0	1
Otu00524	0	0	0	0	0	0	6	0	0	0	0	0	0	0	0	0	0	0	0	0
Otu00525	0	0	0	0	0	0	0	0	0	0	0	0	0	0	0	0	1	5	0	0
Otu00526	0	0	3	2	0	0	0	0	0	0	0	6	0	0	0	0	81	2	0	0
Otu00532	3	0	10	0	0	1	1	7	0	0	0	1	0	0	0	2	0	0	1	0
Otu00533	0	0	12	0	8	0	0	0	0	0	0	0	0	0	0	0	0	0	0	0
Otu00534	0	0	0	0	0	0	0	0	0	0	0	0	0	0	0	0	0	0	0	46
Otu00537	0	0	13	6	0	0	0	0	0	0	0	0	0	0	0	5	0	0	0	0
Otu00543	3	0	0	0	0	0	0	0	0	0	10	6	2	0	0	0	0	0	0	0
Otu00544	0	2	0	0	0	1	0	27	0	0	0	0	0	0	0	0	0	0	0	0
Otu00554	0	0	0	0	0	0	0	2	0	0	0	2	0	0	0	47	0	0	0	0
Otu00555	0	0	0	0	7	0	0	0	0	0	78	0	0	0	0	0	0	0	0	0
Otu00557	0	0	0	0	0	0	31	0	0	0	0	0	0	0	0	0	21	2	0	0
Otu00559	0	1	0	0	1	0	0	0	0	0	0	34	1	0	0	0	0	0	0	0
Otu00563	0	2	0	2	2	5	0	0	0	0	0	22	0	0	0	0	0	0	0	0
Otu00565	0	2	0	0	0	0	0	0	0	0	24	2	0	15	0	0	0	0	0	0
Otu00572	0	0	0	0	0	0	0	0	0	0	0	0	0	0	14	0	0	0	0	0
Otu00574	0	2	6	0	0	0	0	0	0	0	0	0	0	0	0	1	0	0	0	0
Otu00576	0	3	0	5	0	0	0	0	0	0	0	0	0	0	0	6	0	0	0	0
Otu00579	0	0	0	0	0	0	0	0	0	0	0	0	1	0	0	4	0	0	0	0
Otu00580	0	0	6	0	0	7	0	0	0	0	0	0	0	0	0	0	0	0	0	0
Otu00584	0	0	0	0	0	38	0	0	0	0	0	0	0	0	0	0	0	0	0	0
Otu00589	3	0	0	8	0	0	0	0	0	0	0	0	1	9	0	0	0	0	0	0
Otu00590	0	0	0	5	0	0	0	0	0	0	27	0	2	0	7	0	0	0	0	0
Otu00591	0	0	0	0	0	0	3	0	0	0	0	0	0	0	0	0	0	0	0	1
Otu00595	0	0	5	0	0	0	0	0	0	0	0	0	0	0	0	0	0	0	0	0
Otu00597	0	0	0	0	0	0	5	0	0	0	0	0	0	0	0	0	0	0	0	0
Otu00598	0	0	0	0	0	0	0	0	0	0	8	0	0	1	0	0	0	0	0	0
Otu00601	0	0	0	3	0	0	0	0	0	0	0	2	13	0	0	0	0	0	0	0
Otu00603	1	0	3	2	3	1	2	0	0	0	0	1	0	1	2	0	0	0	0	4
Otu00604	0	0	0	0	0	0	0	0	0	0	0	0	0	0	0	0	0	0	0	11
Otu00605	0	0	0	4	0	0	0	0	0	0	0	0	0	0	0	0	0	0	0	0
Otu00606	0	0	0	0	0	0	0	0	0	0	0	0	0	0	0	0	19	0	0	0
Otu00607	0	0	1	1	1	0	0	0	0	0	5	0	3	5	5	0	3	0	0	0
Otu00608	0	0	80	0	11	0	0	0	0	0	27	0	0	0	0	0	0	0	0	0
Otu00609	0	0	0	0	0	1	2	0	0	0	0	0	0	0	0	0	2	0	0	0
Otu00610	0	0	1	0	0	0	0	0	0	0	0	1	0	0	0	1	0	0	0	0
Otu00613	0	0	0	0	0	0	0	0	0	5	2	0	0	0	0	0	0	0	0	0
Otu00614	0	0	0	0	0	0	12	0	0	0	0	0	0	0	0	0	0	0	72	0
Otu00616	0	0	5	0	0	0	0	0	0	0	0	0	0	0	0	0	0	0	0	0
Otu00617	0	0	0	1	0	0	0	0	0	0	3	0	0	0	11	0	1	0	0	2
Otu00618	0	0	0	0	1	0	8	0	0	0	1	0	0	0	0	0	1	0	0	0
Otu00620	0	0	0	0	0	0	0	0	6	0	0	0	0	0	0	0	0	0	0	0
Otu00621	0	0	0	0	0	0	0	0	0	0	0	0	0	0	0	0	11	0	0	0
Otu00627	1	0	1	4	0	0	0	0	0	0	0	0	4	1	1	1	0	0	0	0
Otu00628	0	0	0	1	0	0	0	0	0	0	5	1	2	1	0	1	0	0	0	0
Otu00629	0	0	0	0	0	0	0	0	0	0	0	0	0	0	0	0	3	12	0	0
Otu00630	0	0	0	0	0	0	0	0	0	0	0	0	0	0	0	0	0	0	0	4
Otu00631	0	1	0	0	2	2	0	0	0	0	5	0	1	2	0	3	0	0	0	0
Otu00632	0	0	0	0	0	0	0	0	0	0	2	0	0	7	4	1	0	0	0	0
Otu00633	0	0	0	0	0	0	0	0	0	0	0	1	0	0	0	0	0	5	30	0
Otu00635	0	0	0	0	0	0	0	0	0	0	0	0	0	0	0	0	0	0	0	8
Otu00637	0	0	0	0	0	0	0	0	1	0	0	2	0	0	0	0	0	0	0	0
Otu00639	0	0	0	0	0	0	8	0	0	0	0	0	0	0	0	0	0	1	0	0
Otu00640	0	0	0	0	0	0	0	0	0	0	4	0	3	11	0	0	0	0	0	0
Otu00641	0	0	0	0	0	0	0	0	0	0	3	0	1	4	7	0	0	0	0	0
Otu00642	0	0	0	0	0	0	0	0	0	0	5	0	0	0	0	0	0	0	0	0
Otu00644	0	0	3	3	5	0	0	1	3	0	0	0	0	0	0	0	0	0	0	0
Otu00646	0	0	0	0	0	0	0	0	0	0	0	0	0	0	0	0	0	0	43	0
Otu00649	0	0	0	0	0	0	0	0	0	0	0	0	10	7	0	0	0	0	0	0
Otu00650	0	0	0	0	0	0	0	0	0	0	8	0	0	0	25	0	0	0	0	0
Otu00653	1	1	0	0	0	0	0	0	0	0	0	1	0	0	0	0	0	0	0	0
Otu00654	6	11	1	4	1	1	0	0	1	0	0	0	0	0	0	3	0	0	0	0
Otu00655	0	0	0	0	0	0	0	0	0	0	0	0	0	0	1	0	0	0	55	3
Otu00656	0	0	0	0	0	0	12	0	0	0	0	0	0	0	0	0	0	0	0	0
Otu00660	0	0	0	0	8	0	0	0	0	0	0	0	0	0	0	0	0	0	0	0
Otu00664	0	0	0	8	3	0	0	0	0	0	0	0	0	0	0	0	0	0	0	0
Otu00665	0	0	0	0	0	0	0	0	0	0	0	0	0	4	0	0	0	0	0	0
Otu00667	0	1	0	0	0	0	0	0	0	0	0	0	0	3	0	0	0	0	0	0
Otu00669	0	0	0	0	0	0	0	0	0	0	0	1	0	1	1	0	0	0	0	0
Otu00675	0	0	0	0	0	0	0	0	0	0	1	26	0	0	9	3	0	0	0	0
Otu00679	3	0	1	0	0	0	0	0	0	0	1	1	0	1	22	0	0	0	0	0
Otu00680	0	0	0	0	0	0	0	7	0	0	0	0	0	0	0	0	0	0	0	0
Otu00682	0	0	0	0	0	0	0	23	0	0	0	0	0	0	0	0	0	0	0	0
Otu00683	0	0	0	0	0	0	0	0	0	0	0	0	0	0	0	3	0	0	0	0
Otu00685	6	0	0	0	1	1	0	0	0	0	0	14	0	0	0	0	0	0	0	0
Otu00686	0	0	0	0	0	0	0	2	0	3	0	0	0	0	0	0	0	0	0	0
Otu00689	0	0	0	0	0	0	0	0	0	0	0	0	24	0	0	0	0	0	0	0
Otu00692	0	0	0	0	0	0	0	0	0	0	0	6	0	0	0	0	0	0	0	0
Otu00693	0	0	0	0	0	0	9	1	0	0	0	0	0	0	0	0	0	0	0	0
Otu00694	0	0	0	0	0	0	0	0	0	0	0	0	0	0	12	0	0	0	0	2
Otu00697	0	0	3	0	0	0	0	0	0	0	2	4	0	1	0	0	1	4	0	0
Otu00698	0	1	0	1	0	0	0	0	0	0	0	5	0	0	0	0	0	0	0	0
Otu00699	0	0	0	0	0	0	0	0	0	0	3	2	0	4	6	4	0	0	0	0
Otu00701	0	0	0	6	0	0	0	0	0	0	0	0	0	0	0	0	0	0	0	0
Otu00702	0	1	0	0	0	0	0	0	0	0	1	3	1	0	0	2	1	0	0	0
Otu00704	0	0	0	0	0	1	0	0	0	0	2	0	0	3	0	0	0	0	0	0
Otu00709	0	0	3	4	0	3	0	0	0	0	3	0	0	4	0	1	0	0	0	0
Otu00712	0	0	0	0	0	0	0	0	3	0	0	0	0	0	0	0	0	0	0	0
Otu00714	0	0	0	0	0	0	54	0	0	23	0	0	0	0	0	0	0	0	0	0
Otu00717	0	0	0	0	0	0	0	0	0	0	29	0	0	0	0	0	0	0	0	0
Otu00718	0	0	0	0	0	0	0	0	0	0	9	0	0	0	0	0	0	0	0	0
Otu00721	0	0	0	0	5	0	0	0	0	0	0	0	0	0	0	0	0	0	0	0
Otu00723	0	0	2	2	0	1	0	0	0	0	0	0	1	1	0	2	0	0	0	0
Otu00724	1	0	0	0	3	2	0	0	0	0	1	0	0	1	3	1	0	0	0	0
Otu00733	0	0	0	0	0	0	0	0	0	0	1	2	1	0	0	0	1	0	0	0
Otu00736	0	0	0	0	0	0	0	9	0	0	0	1	0	1	0	0	0	0	0	1
Otu00740	0	0	0	4	0	0	0	0	0	0	0	0	0	0	0	0	0	0	0	0
Otu00741	0	0	1	0	1	0	0	25	0	0	0	48	0	0	3	0	0	0	0	0
Otu00742	0	0	0	0	0	0	0	0	0	0	9	2	0	0	0	0	0	0	0	0
Otu00743	0	0	0	1	1	0	1	0	0	0	0	0	0	0	0	0	0	0	0	0
Otu00745	0	0	2	0	0	0	0	1	0	0	0	0	0	0	0	1	0	0	0	1
Otu00752	0	0	0	0	0	0	0	5	0	0	0	0	0	0	0	0	0	0	0	1
Otu00756	0	0	4	0	0	1	0	0	0	0	0	0	0	0	0	1	0	0	0	0
Otu00760	0	0	0	0	0	0	0	0	0	0	1	0	0	0	0	0	0	0	0	3
Otu00761	22	0	0	0	0	0	0	0	0	0	0	0	0	0	0	0	0	0	0	0
Otu00762	2	1	0	5	9	2	1	0	1	1	0	2	0	5	3	0	0	0	0	0
Otu00763	0	0	0	0	0	0	0	0	2	0	3	1	0	0	0	0	0	0	0	0
Otu00764	0	0	0	0	0	0	0	0	0	0	0	1	0	0	0	0	0	0	0	19
Otu00765	0	0	0	0	0	0	0	0	0	0	0	0	0	0	4	0	0	0	0	0
Otu00766	0	0	0	0	0	0	0	0	0	0	1	1	0	0	3	0	0	0	0	0
Otu00767	0	0	0	0	0	0	0	0	0	0	9	0	0	0	0	0	0	0	0	0
Otu00768	0	0	0	0	0	0	17	0	0	0	0	0	0	0	0	0	1	0	0	0
Otu00769	0	0	0	0	0	0	0	0	5	23	0	0	0	0	0	0	0	0	0	0
Otu00770	0	0	0	0	0	0	0	0	0	0	0	0	0	0	0	5	0	0	0	0
Otu00773	0	6	0	0	0	0	0	0	0	0	0	0	0	0	0	0	0	0	0	0
Otu00775	0	0	0	0	0	0	0	0	0	0	0	0	0	0	0	3	0	0	0	0
Otu00776	0	0	0	5	0	0	0	0	0	0	0	0	0	0	6	0	1	0	0	0
Otu00777	0	0	0	0	0	0	5	0	0	0	0	0	0	0	0	0	0	0	0	0
Otu00782	0	0	1	0	0	0	0	0	0	0	1	11	0	11	3	0	0	0	0	0
Otu00785	0	0	0	0	0	0	0	0	0	0	3	0	0	0	0	2	0	0	0	0
Otu00788	0	0	0	0	0	0	3	0	0	0	0	0	0	0	0	0	0	0	0	0
Otu00789	0	0	1	0	0	2	0	0	1	0	0	0	0	0	0	0	0	0	0	1
Otu00791	0	0	0	0	0	0	3	1	0	0	1	0	0	0	0	0	0	0	0	1
Otu00796	0	0	0	0	0	0	0	0	0	0	0	0	0	0	0	0	26	35	0	0
Otu00797	0	3	2	3	0	1	0	2	2	0	0	0	0	0	0	2	0	0	0	0
Otu00798	0	0	0	0	0	0	0	0	4	0	0	0	0	0	0	0	0	0	0	0
Otu00810	1	1	0	2	5	0	0	0	0	0	0	0	2	1	2	4	1	0	0	0
Otu00814	0	0	0	0	0	0	0	0	0	0	0	0	0	0	0	0	0	0	51	0
Otu00815	0	0	0	0	0	1	0	0	0	2	1	0	1	0	0	0	0	0	0	0
Otu00816	3	0	0	0	0	1	0	0	0	0	8	0	0	0	0	2	0	0	0	0
Otu00822	0	0	0	0	0	0	0	0	0	0	0	0	25	0	0	0	0	0	0	0
Otu00824	26	0	0	0	0	6	0	0	0	0	0	0	0	0	0	0	0	0	0	0
Otu00825	0	0	0	13	0	0	0	0	0	0	0	0	0	0	0	0	0	0	0	0
Otu00828	0	0	1	3	0	0	0	0	0	0	2	0	1	3	1	0	0	0	0	0
Otu00829	0	0	0	0	0	0	4	0	0	0	0	0	0	0	0	0	1	0	0	0
Otu00835	0	1	2	1	3	0	0	0	0	0	0	1	0	0	0	6	0	0	0	0
Otu00837	0	0	0	0	0	0	0	0	0	0	0	0	0	9	0	0	0	0	0	0
Otu00839	0	0	0	19	0	0	0	0	0	0	0	0	0	0	0	0	0	0	0	0
Otu00841	0	0	0	0	0	0	2	0	0	0	0	0	0	0	2	0	0	0	0	1
Otu00845	0	0	0	0	0	0	0	0	0	0	0	0	0	0	0	2	0	0	40	0
Otu00846	0	0	0	0	0	0	0	1	0	0	5	0	0	0	2	1	0	0	0	0
Otu00848	0	0	0	0	0	0	0	0	0	0	0	0	0	0	0	0	7	0	0	0
Otu00850	0	0	0	0	0	0	0	0	0	0	0	0	0	0	0	0	0	0	0	3
Otu00856	0	0	0	0	0	0	0	0	0	0	0	0	0	0	0	0	0	13	0	0
Otu00857	0	0	0	0	0	0	4	0	0	0	1	0	0	0	0	0	0	0	0	0
Otu00861	0	0	0	0	0	0	0	0	0	0	2	0	0	0	16	0	0	0	0	0
Otu00862	0	0	0	0	0	0	0	0	0	0	0	2	0	0	20	0	0	0	0	0
Otu00863	0	0	0	0	0	0	0	0	0	0	0	0	0	0	0	0	44	1	0	0
Otu00867	0	0	0	0	0	0	0	0	0	0	0	0	0	0	28	0	0	0	1	0
Otu00868	0	0	0	0	0	0	11	0	0	0	0	0	0	0	0	0	0	0	0	0
Otu00870	0	0	0	0	0	0	0	0	0	0	0	10	0	0	0	0	0	33	0	0
Otu00874	0	0	0	0	0	0	0	0	0	0	0	0	0	11	0	5	0	0	0	0
Otu00876	0	0	0	0	0	0	0	0	25	0	0	0	0	0	0	0	0	0	0	0
Otu00878	0	0	0	0	0	0	0	0	0	0	2	0	0	1	0	0	0	0	0	0
Otu00883	0	0	0	5	0	0	0	0	0	0	0	0	4	0	16	0	0	0	0	0
Otu00887	2	0	3	0	0	2	0	1	2	2	0	0	0	0	0	0	0	0	0	0
Otu00888	0	0	0	13	0	0	0	0	0	0	0	0	0	0	0	0	0	0	0	0
Otu00891	0	0	0	0	3	0	0	0	0	0	0	0	0	0	0	0	0	0	0	0
Otu00897	0	0	0	0	0	0	0	0	0	0	0	0	0	12	0	0	0	0	0	0
Otu00900	0	0	0	0	0	0	0	0	0	0	0	0	0	0	9	0	0	0	0	0
Otu00902	0	0	0	0	0	0	0	0	0	0	3	6	0	0	0	3	0	0	4	0
Otu00904	0	0	0	0	0	0	25	0	0	0	0	0	0	0	0	0	0	0	0	0
Otu00905	0	0	0	0	0	0	0	4	0	1	0	0	0	0	0	0	0	0	0	0
Otu00906	0	0	0	2	0	0	0	0	0	0	0	0	0	0	2	1	0	0	0	0
Otu00908	0	0	0	11	0	0	0	0	0	0	0	41	0	0	0	0	0	0	0	0
Otu00909	0	0	0	3	0	0	0	0	0	0	27	0	0	0	0	0	0	0	0	0
Otu00913	0	0	0	0	0	0	18	0	0	0	0	0	0	0	0	0	0	0	5	0
Otu00919	0	0	0	0	0	0	0	0	0	0	0	0	0	0	0	0	0	0	0	29
Otu00920	0	0	0	0	0	0	10	0	0	0	0	0	0	0	0	0	0	0	0	0
Otu00921	0	0	0	0	0	0	0	0	0	0	8	0	0	0	0	0	0	0	0	0
Otu00922	0	0	0	0	0	0	0	0	0	0	0	0	0	1	6	0	0	1	0	0
Otu00925	0	0	0	0	0	0	0	0	0	0	0	0	0	0	17	0	0	0	0	0
Otu00927	0	0	0	0	0	2	0	0	0	0	0	0	0	7	2	0	0	0	0	0
Otu00931	16	0	0	0	0	0	0	0	0	0	0	0	0	0	0	0	0	0	0	0
Otu00933	0	0	0	0	0	0	56	0	0	0	0	0	0	0	0	0	0	0	0	0
Otu00934	0	0	0	0	0	0	0	41	0	0	0	0	0	0	0	0	0	0	0	0
Otu00935	0	0	0	0	0	0	0	0	0	0	0	0	0	0	0	0	0	0	0	5
Otu00937	0	0	0	0	0	0	0	0	0	0	0	0	1	0	0	0	3	0	0	0
Otu00939	0	0	0	0	0	0	0	0	0	0	0	0	0	4	0	0	0	0	0	0
Otu00940	0	0	0	0	0	0	0	0	0	0	0	30	0	0	0	0	0	0	0	0
Otu00941	0	0	0	0	0	0	0	2	0	0	0	0	0	0	0	0	0	0	0	2
Otu00949	0	0	0	0	1	0	0	0	0	1	3	0	0	0	0	0	0	0	0	0
Otu00955	0	0	0	0	0	1	0	0	0	0	14	1	0	0	1	0	2	2	0	0
Otu00956	0	0	0	0	0	0	0	0	0	0	0	0	0	20	0	0	0	0	0	0
Otu00966	1	0	1	0	0	2	0	2	0	0	0	0	0	0	0	0	0	0	0	0
Otu00967	0	0	11	0	0	0	0	0	0	0	0	0	0	0	0	0	0	0	0	0
Otu00973	0	1	0	0	1	0	0	0	0	0	0	0	1	0	0	1	0	0	0	0
Otu00974	0	0	0	0	0	0	0	0	0	0	0	5	0	0	0	0	0	2	0	0
Otu00976	0	2	0	0	0	5	0	0	0	0	0	0	0	0	9	0	0	0	0	0
Otu00982	0	0	0	21	0	0	0	0	0	0	0	0	0	0	0	0	0	0	0	0
Otu00988	0	0	0	0	0	0	0	0	0	0	0	0	0	0	0	0	0	0	0	3
Otu00989	0	0	0	0	0	0	6	0	0	0	0	0	0	0	0	0	0	0	0	0
Otu00992	1	0	0	0	0	0	0	0	0	0	0	0	5	0	1	0	2	1	0	0
Otu00994	0	0	0	0	0	0	0	0	0	0	8	0	0	0	0	0	0	0	0	0
Otu00995	0	0	4	0	0	1	0	0	0	0	3	0	0	0	0	0	0	0	0	0
Otu00999	5	0	0	0	0	5	0	0	0	0	0	0	0	0	26	0	0	0	0	0
Otu01000	0	0	0	0	0	0	0	0	0	0	0	0	0	0	0	0	0	8	0	0
Otu01001	0	0	0	0	0	1	0	0	1	0	0	0	0	0	0	2	0	0	0	0
Otu01003	0	0	0	0	0	0	0	0	0	0	4	0	0	0	0	0	0	0	0	0
Otu01005	3	2	0	1	0	0	0	0	0	0	0	0	0	0	0	0	0	1	0	0
Otu01008	0	0	0	0	0	0	0	0	0	0	0	0	4	0	0	0	0	0	0	0
Otu01009	0	2	0	0	0	0	0	0	0	0	0	0	0	0	0	0	0	0	0	2
Otu01014	0	0	0	0	0	0	0	0	0	0	10	0	0	0	0	0	0	0	0	0
Otu01016	0	1	0	0	0	1	0	2	3	0	0	0	0	0	0	0	0	0	0	0
Otu01020	0	0	0	0	0	0	0	0	0	0	0	0	0	0	0	0	0	6	0	0
Otu01023	0	0	0	0	0	0	0	0	0	0	4	0	0	0	0	0	0	0	0	0
Otu01024	0	0	0	0	0	0	0	0	0	0	0	0	0	0	0	0	0	5	0	0
Otu01028	0	0	0	0	0	0	1	0	0	0	0	0	0	0	0	3	4	0	0	0
Otu01031	0	0	0	6	0	0	0	0	0	0	0	0	0	0	0	0	0	0	0	0
Otu01032	0	0	0	0	0	0	0	0	0	0	0	0	0	0	0	0	0	0	20	0
Otu01033	0	0	0	0	0	0	1	0	0	0	2	0	0	0	0	0	0	0	0	0
Otu01037	0	0	0	0	0	0	0	0	0	0	0	0	0	0	0	0	1	2	0	0
Otu01039	0	0	0	0	0	0	0	0	0	0	5	0	0	0	0	0	0	0	0	0
Otu01043	0	3	0	0	0	0	0	0	0	0	0	0	0	0	0	0	0	0	0	0
Otu01044	0	0	0	0	0	0	6	0	0	0	1	0	1	0	0	4	0	0	0	0
Otu01050	0	0	0	0	0	0	6	0	0	0	0	0	0	0	0	0	0	0	0	0
Otu01051	0	52	0	0	0	0	0	0	0	0	0	0	0	0	0	0	0	0	0	0
Otu01054	0	0	0	0	0	0	0	0	0	0	0	2	0	0	0	0	2	0	0	0
Otu01061	0	0	10	0	0	0	0	0	0	0	0	0	0	0	0	3	0	0	0	15
Otu01079	0	0	0	0	0	0	0	0	0	0	1	0	0	0	13	0	0	0	0	0
Otu01083	0	0	0	0	0	0	0	0	0	0	2	0	1	0	5	2	2	0	0	0
Otu01085	0	0	0	0	0	0	0	0	0	0	1	0	1	1	0	0	0	0	0	0
Otu01087	0	0	0	0	0	0	0	0	0	0	9	0	0	0	0	0	0	0	0	0
Otu01091	0	0	0	0	0	0	0	0	0	0	4	0	0	0	0	0	0	0	0	0
Otu01093	0	0	0	0	0	0	0	0	0	0	0	0	0	0	1	0	0	0	0	9
Otu01096	0	0	0	0	0	5	0	0	0	0	0	0	0	0	0	0	0	0	0	0
Otu01097	0	0	0	0	0	3	0	0	0	0	2	0	0	0	0	0	0	0	0	0
Otu01102	0	0	0	0	3	0	0	0	0	0	0	0	1	0	0	0	0	0	0	0
Otu01107	0	0	3	0	0	0	0	0	0	0	0	0	0	0	0	0	0	0	0	0
Otu01108	0	1	0	19	0	0	0	0	0	0	0	0	0	0	0	0	0	0	0	0
Otu01112	0	0	0	0	0	0	0	0	0	0	0	0	0	4	0	0	0	1	0	0
Otu01120	2	1	0	0	0	0	0	0	0	0	0	0	0	0	0	0	0	0	0	0
Otu01122	0	0	0	1	0	1	0	1	0	0	1	1	0	0	0	0	0	0	0	0
Otu01123	0	1	0	0	0	0	0	0	0	0	0	0	0	0	2	1	0	0	0	0
Otu01124	0	0	0	0	0	0	0	0	0	0	0	0	0	0	0	0	4	0	0	0
Otu01126	0	6	0	0	0	0	0	0	0	0	0	0	0	0	0	0	0	0	0	0
Otu01127	0	0	0	0	0	0	15	0	0	0	0	0	0	0	0	0	10	0	0	0
Otu01144	0	0	0	14	0	3	0	0	0	0	0	0	0	0	0	0	0	0	0	0
Otu01147	0	1	0	1	0	0	0	0	0	0	1	1	0	0	0	0	0	0	1	0
Otu01155	0	0	0	0	0	0	0	0	0	0	0	0	0	0	14	0	0	0	0	0
Otu01159	0	0	0	0	0	0	0	0	0	0	0	0	0	0	0	0	0	0	45	0
Otu01161	0	4	0	0	0	0	0	0	0	0	0	0	0	0	0	0	0	0	0	0
Otu01166	0	0	0	0	0	0	0	1	0	0	0	1	0	0	2	0	0	0	0	0
Otu01177	0	0	0	0	0	0	0	0	0	0	0	0	0	0	0	0	0	0	36	0
Otu01179	0	0	0	4	0	0	0	0	0	0	0	0	0	0	0	0	0	0	0	0
Otu01188	0	0	0	0	0	0	0	0	0	0	0	0	0	0	0	0	1	4	0	0
Otu01190	0	0	0	0	0	0	0	0	0	0	0	4	0	0	3	0	0	0	0	0
Otu01198	0	2	0	0	2	0	0	0	0	0	0	14	0	0	0	0	0	0	0	0
Otu01209	0	0	3	0	0	0	0	0	0	0	0	0	0	0	0	0	0	0	0	0
Otu01211	3	0	0	0	1	0	0	0	0	0	1	0	0	0	0	1	0	0	0	3
Otu01215	0	0	0	3	0	0	0	0	0	0	0	0	0	0	0	0	0	0	0	0
Otu01220	0	0	0	0	0	0	0	0	0	0	0	0	0	0	0	0	7	0	0	0
Otu01221	0	0	0	0	0	0	0	0	0	0	0	0	0	17	0	0	0	0	0	0
Otu01223	0	0	0	0	26	0	0	0	0	0	0	0	0	0	0	0	0	0	0	0
Otu01232	0	1	0	0	0	1	0	0	0	0	1	0	0	1	0	0	0	0	0	0
Otu01233	0	0	0	0	0	0	32	0	0	0	0	0	0	0	0	0	0	0	0	0
Otu01247	0	0	0	0	0	0	0	0	0	0	0	0	0	0	0	0	0	0	0	23
Otu01256	0	0	0	0	0	0	11	0	0	1	0	0	0	0	0	0	0	0	0	0
Otu01258	5	0	0	0	0	0	0	0	0	0	2	0	2	0	0	0	0	0	0	0
Otu01261	0	0	0	3	0	0	0	0	0	0	0	4	0	0	0	0	0	0	0	0
Otu01267	0	0	0	0	0	0	0	0	0	0	0	0	0	10	0	0	0	0	0	0
Otu01268	0	0	0	0	0	0	0	0	0	0	0	0	0	36	0	0	0	0	0	0
Otu01269	0	0	0	0	0	0	0	0	0	0	0	0	0	0	0	0	4	5	0	0
Otu01271	0	0	0	0	0	0	10	0	0	0	0	0	0	0	1	0	0	0	0	0
Otu01272	0	0	0	10	0	0	0	0	0	0	0	0	0	0	0	0	0	0	0	0
Otu01274	0	0	0	0	0	10	0	0	0	0	0	0	0	0	0	0	0	0	0	0
Otu01286	0	0	0	0	0	2	0	0	0	0	2	0	0	10	0	0	0	0	0	0
Otu01289	0	0	0	0	0	3	0	0	0	0	0	0	0	9	0	0	0	0	0	0
Otu01290	0	0	0	0	0	0	0	0	0	0	2	0	3	0	0	0	0	0	0	1
Otu01293	0	0	1	4	0	0	0	0	0	0	0	0	0	0	0	0	0	0	0	0
Otu01294	0	0	3	0	0	0	0	0	0	0	0	0	0	0	0	0	0	1	0	0
Otu01306	0	0	0	0	0	0	0	0	0	0	0	0	0	0	0	0	0	0	33	0
Otu01308	0	0	0	0	0	0	0	0	0	0	1	0	0	23	0	2	0	0	0	0
Otu01309	0	0	0	0	0	0	0	0	0	0	0	0	0	16	0	0	0	0	0	0
Otu01314	0	0	0	0	0	3	0	0	0	0	0	0	0	0	0	11	0	0	0	0
Otu01320	0	0	0	0	0	0	0	2	0	0	0	0	0	0	0	0	0	0	0	1
Otu01321	0	0	0	0	8	0	0	0	0	0	0	0	0	0	0	0	0	0	0	0
Otu01322	0	0	0	0	0	0	0	0	0	0	0	0	0	0	0	0	0	0	32	0
Otu01330	0	0	0	0	0	0	0	0	0	0	0	0	0	0	0	0	0	0	0	3
Otu01331	0	0	0	0	0	0	0	0	0	0	24	0	0	0	0	0	0	0	0	0
Otu01334	0	0	0	0	0	0	0	0	0	0	0	0	0	0	3	0	0	0	0	0
Otu01336	0	0	0	0	0	0	0	0	0	0	0	0	0	34	0	0	0	0	0	0
Otu01340	0	0	0	0	0	0	0	0	0	0	0	0	0	0	0	0	0	0	0	10
Otu01341	0	0	0	7	0	0	0	0	0	0	0	0	0	0	0	0	0	0	0	0
Otu01344	0	0	0	1	0	0	0	0	0	0	0	0	0	0	2	0	1	0	0	0
Otu01347	0	0	1	0	0	0	0	0	0	0	5	0	0	1	1	0	0	0	0	0
Otu01357	0	0	0	0	0	0	0	0	0	0	0	0	0	0	0	0	0	29	0	0
Otu01364	0	0	0	0	0	1	0	0	0	0	0	0	0	2	2	0	0	0	0	0
Otu01368	0	0	0	0	0	0	4	0	0	0	0	0	0	0	0	0	0	0	0	0
Otu01378	0	0	0	0	0	0	0	0	0	0	0	0	0	17	0	0	0	0	0	0
Otu01386	0	0	0	0	0	0	2	0	0	0	0	0	0	0	0	0	0	0	1	0
Otu01388	0	0	0	0	0	0	0	0	0	0	0	0	0	0	0	0	3	0	0	0
Otu01394	0	0	1	0	0	0	2	0	0	0	0	0	0	0	0	0	0	0	0	0
Otu01395	0	0	0	0	0	1	0	0	0	0	0	2	0	0	0	0	0	0	0	0
Otu01399	0	0	1	0	6	0	0	0	0	0	0	0	0	0	0	0	0	0	0	0
Otu01405	0	0	2	0	0	1	1	0	0	0	0	0	0	0	0	0	0	0	0	0
Otu01407	0	0	0	0	0	0	0	0	0	0	0	0	0	0	0	0	5	0	0	0
Otu01412	0	0	0	0	0	0	0	0	0	0	25	0	0	0	0	0	0	0	0	0
Otu01414	0	0	0	1	0	0	0	1	1	0	0	0	0	0	0	0	0	0	0	0
Otu01425	0	0	0	0	4	0	0	0	0	0	0	0	0	0	4	0	0	0	0	0
Otu01431	0	0	0	0	0	0	0	0	0	0	0	0	0	0	0	0	0	0	2	3
Otu01434	0	0	0	0	0	0	5	0	0	0	0	0	0	0	0	0	0	0	0	0
Otu01435	0	0	0	1	1	0	0	0	0	0	0	0	0	0	0	1	0	0	0	0
Otu01439	0	0	0	0	9	0	0	0	0	0	0	0	0	0	0	0	0	0	0	0
Otu01442	0	0	0	0	0	0	0	0	0	0	0	0	0	0	0	0	0	0	0	4
Otu01443	0	0	0	0	0	0	29	0	0	0	0	0	0	0	0	0	0	0	0	0
Otu01444	0	0	0	0	0	0	0	0	0	0	0	0	0	0	0	0	0	0	0	6
Otu01445	0	0	0	13	0	0	0	0	0	0	0	0	0	0	4	0	0	0	0	0
Otu01451	0	0	0	0	0	0	0	1	0	0	0	0	1	0	0	0	0	0	1	0
Otu01453	0	0	0	0	0	0	0	0	0	0	0	2	0	9	0	0	0	0	0	0
Otu01463	1	0	1	0	0	0	0	0	0	0	0	0	0	0	0	0	0	0	0	2
Otu01467	0	0	0	0	0	0	0	0	0	0	0	0	0	0	0	0	0	4	0	0
Otu01468	0	0	0	0	0	0	0	0	0	0	0	0	0	0	0	0	4	0	0	0
Otu01471	0	0	0	0	0	0	0	0	0	0	0	0	0	3	0	0	0	0	0	0
Otu01472	0	0	0	0	0	1	2	0	0	1	0	1	0	0	0	0	2	0	0	0
Otu01475	0	0	0	0	0	0	4	0	0	0	0	0	0	0	0	0	0	0	0	0
Otu01481	0	1	1	0	1	0	0	0	0	0	0	0	0	0	0	0	0	0	0	0
Otu01483	0	0	0	0	0	0	13	0	0	0	0	0	0	0	0	0	0	0	0	1
Otu01484	0	0	15	0	0	0	0	0	0	0	0	0	0	0	0	0	0	0	0	0
Otu01488	0	0	0	7	0	0	0	0	0	0	0	0	0	0	10	0	0	0	0	0
Otu01490	0	0	0	0	0	0	0	0	0	0	0	0	0	0	0	0	0	0	1	2
Otu01505	0	0	0	0	0	0	0	0	0	0	0	0	0	0	6	0	0	0	0	0
Otu01506	0	0	0	0	0	0	0	0	0	0	0	0	0	0	0	0	0	4	0	0
Otu01507	0	0	0	0	0	0	4	0	0	0	0	0	0	0	0	0	0	0	0	0
Otu01510	0	1	0	0	1	0	0	0	2	0	0	0	0	0	0	0	0	0	0	0
Otu01511	0	0	0	0	0	8	0	0	0	0	0	0	0	0	0	0	0	0	0	0
Otu01521	0	2	0	0	4	0	0	0	0	0	0	0	0	0	0	0	0	0	0	0
Otu01523	0	0	0	0	0	0	0	0	0	0	1	0	0	0	0	2	0	0	0	0
Otu01524	0	0	0	0	0	0	0	0	0	0	6	0	0	0	0	0	0	0	0	0
Otu01526	0	0	0	0	0	0	0	0	0	0	0	0	0	0	11	0	0	0	0	0
Otu01528	0	0	0	2	0	0	0	0	0	0	1	0	0	0	0	0	0	0	0	0
Otu01529	0	0	0	0	0	0	23	0	0	0	0	0	0	0	0	0	0	0	0	0
Otu01530	0	0	2	0	0	0	0	0	0	0	0	0	0	13	0	0	0	0	0	0
Otu01531	0	0	0	0	0	0	0	0	0	0	4	0	3	0	0	0	0	0	0	0
Otu01544	0	0	3	0	0	0	0	0	0	0	0	0	0	0	0	0	0	0	0	0
Otu01548	0	0	0	0	0	0	0	0	0	0	0	0	0	0	0	0	0	9	0	0
Otu01551	0	0	0	0	0	0	0	0	0	0	0	0	0	0	0	0	0	0	0	10
Otu01554	0	0	0	0	0	0	0	0	0	0	0	0	0	0	0	0	3	1	0	0
Otu01558	2	2	0	0	0	0	0	0	0	0	0	0	0	0	0	0	0	0	0	0
Otu01562	0	0	0	0	0	0	0	0	0	0	0	0	0	0	11	0	0	0	0	0
Otu01563	0	0	0	0	0	0	0	0	0	0	0	0	0	0	6	0	0	0	0	0
Otu01564	0	0	0	0	0	0	0	0	0	0	0	0	0	0	0	25	0	0	0	0
Otu01570	0	0	0	0	0	0	0	0	0	0	0	0	0	0	0	0	0	25	0	0
Otu01571	0	0	0	0	0	11	0	0	0	0	0	0	0	0	12	0	0	0	0	0
Otu01581	0	0	0	0	0	0	0	0	0	0	0	0	0	0	4	0	0	0	0	0
Otu01583	0	0	0	0	0	0	0	0	0	0	0	0	0	0	0	0	6	0	0	0
Otu01586	0	0	0	0	0	0	0	0	0	0	0	0	0	0	10	0	0	0	0	0
Otu01589	0	0	0	0	0	0	4	0	0	0	0	0	0	0	0	0	0	0	0	0
Otu01595	23	0	0	0	0	0	0	0	0	0	0	0	0	0	0	0	0	0	0	0
Otu01601	0	0	0	0	0	0	0	0	0	0	4	4	0	0	0	0	0	0	0	0
Otu01603	0	0	0	0	0	0	0	0	0	0	0	0	0	23	0	0	0	0	0	0
Otu01604	0	0	0	0	0	0	0	0	0	0	0	0	0	6	0	0	0	0	0	0
Otu01607	0	0	0	0	0	0	0	0	4	0	0	0	0	0	0	0	0	0	0	0
Otu01609	0	0	0	0	0	0	0	0	0	0	0	4	1	0	0	0	0	0	0	0
Otu01613	0	0	0	0	0	0	0	0	0	0	0	0	6	0	0	0	0	0	0	0
Otu01615	0	0	0	0	0	0	0	0	0	0	0	0	0	19	0	0	0	0	0	0
Otu01618	6	0	0	0	0	0	0	0	0	0	0	2	0	0	0	0	0	0	0	0
Otu01622	0	6	0	0	0	0	0	0	0	0	0	0	0	0	0	0	0	0	0	0
Otu01631	0	0	0	8	13	0	0	0	0	0	0	0	0	0	0	0	0	0	0	0
Otu01633	0	0	0	0	3	0	0	0	0	0	0	0	0	0	0	0	0	0	0	0
Otu01640	0	0	0	0	0	0	1	0	0	0	0	0	0	0	0	0	0	0	2	0
Otu01646	0	1	0	0	0	0	0	0	0	0	0	2	0	0	0	0	0	0	0	0
Otu01649	0	1	0	0	0	0	0	4	0	0	0	0	0	0	0	0	0	0	0	0
Otu01651	0	0	0	0	0	0	0	0	0	0	0	0	0	0	23	0	0	0	0	0
Otu01652	0	0	0	0	0	0	0	0	0	0	0	0	0	0	0	0	0	5	0	12
Otu01667	0	0	0	0	8	0	0	0	0	0	0	0	0	0	0	0	0	0	0	0
Otu01668	0	0	0	0	0	0	6	0	0	0	0	0	0	0	0	0	0	0	0	0
Otu01674	2	0	0	0	0	0	0	0	0	0	0	0	20	0	0	0	0	0	0	0
Otu01684	0	0	0	0	0	0	0	0	0	0	3	0	0	0	0	0	0	0	0	0
Otu01701	0	0	0	0	0	0	0	0	0	0	0	0	0	0	12	0	0	0	0	0
Otu01732	1	0	0	0	0	0	0	0	0	0	0	1	0	1	1	0	0	0	0	0
Otu01733	0	0	1	1	0	0	0	2	1	1	0	0	0	0	0	0	0	0	0	0
Otu01738	0	0	4	0	0	0	0	0	0	0	0	0	0	0	0	0	0	0	0	0
Otu01750	0	0	0	0	0	0	0	1	0	12	0	1	0	0	0	0	0	0	0	0
Otu01756	1	1	0	1	2	0	0	0	0	0	0	0	0	0	0	0	0	0	0	0
Otu01772	0	0	3	7	5	0	0	0	0	0	0	0	0	0	0	1	0	0	0	0
Otu01781	0	0	0	0	0	0	0	0	0	0	3	0	0	0	0	0	0	0	0	0
Otu01783	0	0	0	0	0	0	0	0	0	0	0	0	0	3	0	0	0	0	0	0
Otu01788	0	0	0	0	0	0	0	3	0	0	0	0	0	0	0	0	0	0	0	0
Otu01791	0	0	0	6	0	0	0	0	0	0	0	0	0	0	0	0	0	0	0	0
Otu01802	0	0	0	0	0	0	3	0	0	0	0	0	0	0	0	0	0	0	0	0
Otu01804	0	0	0	0	0	0	0	15	0	0	0	0	0	0	0	0	0	0	0	0
Otu01805	0	0	0	0	0	0	0	0	0	0	0	0	0	0	0	0	0	4	0	0
Otu01806	0	0	4	0	0	0	0	0	0	0	1	0	0	0	0	0	0	0	0	0
Otu01808	0	0	0	0	0	0	0	0	0	0	0	0	0	0	5	0	0	0	0	0
Otu01809	0	0	0	0	0	0	0	0	0	0	4	0	0	0	0	0	0	0	0	0
Otu01810	0	0	0	0	0	0	0	0	0	0	0	0	0	0	0	0	0	0	7	2
Otu01818	0	0	0	0	0	0	0	0	0	0	0	0	0	0	4	0	0	0	0	0
Otu01835	0	0	0	0	0	0	1	0	0	0	0	0	0	0	0	0	2	0	0	0
Otu01837	0	0	0	0	0	0	3	0	0	0	0	0	0	0	0	0	0	0	0	0
Otu01843	0	0	0	0	0	0	0	0	0	0	3	0	0	0	0	0	0	0	0	0
Otu01846	0	0	0	0	0	0	0	0	0	0	1	2	0	0	0	0	0	0	0	0
Otu01847	0	0	0	0	0	0	1	0	0	0	0	0	1	0	0	2	0	0	0	0
Otu01848	0	0	0	0	0	0	0	0	0	0	0	0	10	0	0	0	0	0	0	0
Otu01857	0	0	0	0	0	0	0	0	0	2	3	0	0	0	0	0	0	0	0	0
Otu01858	0	0	0	0	0	0	0	0	0	0	0	17	0	0	0	0	0	0	0	0
Otu01860	0	0	0	0	0	0	0	0	7	0	0	0	0	0	0	0	0	0	0	0
Otu01865	0	0	0	0	0	0	0	0	0	0	0	0	0	0	18	0	0	0	0	0
Otu01866	0	0	0	0	0	0	2	0	1	0	0	0	0	0	0	0	0	0	0	1
Otu01873	0	0	0	0	0	0	0	0	0	0	2	0	0	0	2	0	0	0	0	0
Otu01878	0	0	0	0	0	0	0	0	0	0	0	12	0	0	0	0	0	0	0	0
Otu01880	0	0	0	0	15	0	0	0	0	0	0	0	0	0	0	0	0	0	0	0
Otu01881	0	0	0	0	0	0	0	0	0	0	0	1	0	0	0	4	0	0	0	0
Otu01882	0	0	0	0	0	0	0	0	0	0	0	0	0	0	3	0	0	0	0	0
Otu01884	0	0	0	0	0	0	0	0	0	0	0	0	3	0	0	0	0	0	0	0
Otu01887	0	0	3	0	0	0	0	0	0	0	0	0	3	0	0	0	0	0	0	0
Otu01902	1	0	0	0	0	0	0	0	0	0	2	0	0	5	0	0	0	0	0	0
Otu01908	0	0	0	0	0	0	0	0	0	0	3	0	0	0	0	0	0	0	0	1
Otu01910	0	0	0	0	0	0	0	0	0	0	0	0	0	0	0	0	0	4	0	0
Otu01913	0	0	0	0	0	0	0	0	0	0	0	0	17	0	0	0	0	0	0	0
Otu01914	0	0	0	0	0	13	0	0	0	0	0	0	0	0	0	0	0	0	0	0
Otu01926	0	0	0	0	0	0	0	0	0	0	0	0	16	0	0	0	0	0	0	0
Otu01927	0	0	0	0	0	0	0	0	0	0	0	0	0	0	0	0	3	0	0	0
Otu01929	0	0	0	0	1	0	0	0	1	1	0	0	0	0	0	0	0	0	0	0
Otu01938	0	0	0	0	0	0	1	0	0	0	0	0	0	0	0	0	3	0	0	0
Otu01940	0	1	0	0	0	0	0	0	0	0	0	0	0	2	0	0	0	0	0	0
Otu01947	0	0	0	0	0	0	0	0	0	0	0	0	0	0	0	0	0	4	0	0
Otu01951	0	0	0	0	0	0	0	0	0	0	0	3	0	0	0	0	0	0	0	0
Otu01952	0	0	10	0	0	0	0	0	0	0	0	0	0	0	0	0	0	0	0	0
Otu01953	0	0	0	0	0	0	0	0	0	0	0	0	0	0	0	3	0	0	0	0
Otu01959	0	0	0	0	0	0	0	0	0	0	0	0	11	0	0	0	0	0	0	0
Otu01968	13	0	0	0	0	0	0	0	0	0	0	0	0	0	0	0	0	0	0	0
Otu01969	0	0	0	0	0	0	0	0	0	0	14	0	0	0	0	0	0	0	0	0
Otu01974	0	0	0	6	0	0	0	0	0	0	0	0	0	0	0	0	0	0	0	0
Otu01976	0	0	0	0	0	0	0	0	0	0	0	0	0	3	0	0	0	0	0	0
Otu01989	0	1	0	0	1	0	0	0	0	0	2	0	0	0	0	0	0	0	0	0
Otu01994	0	0	0	0	3	0	0	0	0	0	0	0	0	0	0	0	0	0	0	0
Otu01998	0	0	0	0	0	0	0	0	0	0	0	0	0	0	0	0	12	0	0	0
Otu02009	0	0	0	0	0	0	6	0	0	0	0	0	0	0	0	0	0	0	0	0
Otu02018	0	0	0	0	0	0	0	0	0	0	0	0	0	0	15	0	0	0	0	0
Otu02019	0	0	0	0	0	0	0	3	0	0	0	0	0	0	0	0	0	0	0	0
Otu02024	0	0	0	0	0	0	0	0	0	0	0	0	0	13	0	0	0	0	0	0
Otu02025	0	0	0	0	0	0	0	0	0	0	0	2	0	0	1	0	0	0	0	0
Otu02043	0	0	3	0	0	0	0	0	0	0	0	0	0	0	0	0	0	0	0	0
Otu02046	0	0	0	0	0	0	0	0	0	0	4	0	0	0	0	0	0	0	0	0
Otu02049	0	0	1	0	0	0	0	0	0	0	0	1	0	1	0	0	0	0	0	0
Otu02051	0	0	0	0	0	0	4	0	0	0	0	0	0	0	0	0	0	0	0	0
Otu02062	0	0	0	3	0	0	0	0	0	0	0	0	0	0	0	0	0	0	0	0
Otu02064	0	0	0	0	0	0	0	0	0	0	0	0	0	0	13	0	0	0	0	0
Otu02069	0	0	0	8	0	0	0	0	0	0	0	0	0	0	0	0	0	0	0	0
Otu02076	0	0	0	0	0	0	0	0	0	0	2	0	0	0	5	0	0	0	0	0
Otu02090	0	0	0	0	0	0	0	0	0	0	0	10	0	0	0	0	0	0	0	0
Otu02105	0	0	0	0	0	0	0	0	0	0	14	0	0	0	0	0	0	0	0	0
Otu02111	0	0	0	0	0	1	1	1	0	0	0	0	0	0	0	0	0	0	0	0
Otu02112	0	0	0	0	0	0	0	0	0	0	0	0	0	0	0	0	1	3	0	0
Otu02114	0	0	0	0	0	0	0	0	0	0	0	4	0	0	0	0	0	0	0	0
Otu02122	0	0	0	0	0	0	0	0	0	0	0	0	0	0	0	0	3	0	0	0
Otu02124	0	0	0	0	0	1	0	0	0	0	0	0	0	3	1	0	0	0	0	0
Otu02128	0	0	0	0	0	0	0	0	14	0	0	0	0	0	0	0	0	0	0	0
Otu02136	0	0	0	0	0	0	0	0	0	0	0	0	0	1	2	0	0	0	0	0
Otu02139	0	0	0	0	0	0	0	0	0	0	0	0	0	0	5	0	0	0	0	0
Otu02144	0	0	0	0	0	0	0	0	0	0	0	0	13	0	0	0	0	0	0	0
Otu02148	0	0	0	0	0	0	0	0	0	0	0	0	1	1	1	1	0	0	0	0
Otu02150	0	0	0	0	0	0	0	0	0	0	0	0	0	0	5	0	0	0	0	0
Otu02152	0	0	0	0	0	0	0	0	7	0	0	0	0	0	0	0	0	0	0	0
Otu02156	0	0	0	0	0	0	0	13	0	0	0	0	0	0	0	0	0	0	0	0
Otu02159	0	0	0	0	0	0	0	0	0	0	0	0	0	0	13	0	0	0	0	0
Otu02161	0	0	0	0	0	0	0	0	0	0	0	0	0	0	0	0	0	0	3	0
Otu02164	0	0	0	0	0	0	0	0	0	0	0	0	0	0	0	0	0	4	0	0
Otu02168	3	0	0	0	0	0	0	0	0	0	0	0	0	0	0	0	1	0	0	0
Otu02172	0	0	0	0	0	0	0	0	0	0	0	4	1	4	0	0	0	0	0	0
Otu02186	0	0	0	0	0	0	0	0	0	0	0	2	0	0	1	0	0	0	0	0
Otu02198	0	0	0	0	0	0	0	0	0	0	0	0	0	0	0	0	0	0	0	12
Otu02209	0	0	0	0	1	0	0	2	1	0	0	0	0	0	0	0	0	0	0	0
Otu02211	0	0	0	0	0	0	0	0	0	0	0	0	0	0	0	0	0	4	0	0
Otu02222	0	0	0	0	0	0	0	0	0	0	0	2	1	2	1	0	0	0	0	0
Otu02223	0	0	12	0	0	0	0	0	0	0	0	0	0	0	0	0	0	0	0	0
Otu02235	0	0	0	0	0	0	7	0	0	0	0	0	0	0	0	0	0	0	0	0
Otu02236	0	0	0	1	0	0	0	0	0	0	0	4	0	0	0	0	0	0	0	0
Otu02238	0	0	0	0	0	0	0	0	0	0	0	12	0	0	0	0	0	0	0	0
Otu02243	0	0	0	0	1	0	0	0	0	0	2	0	0	0	0	0	0	0	0	0
Otu02270	0	0	0	0	0	0	0	2	0	0	0	0	0	0	0	1	0	0	0	0
Otu02284	0	0	0	0	0	0	0	0	0	0	0	0	0	0	10	0	0	0	0	0
Otu02286	0	0	0	0	0	0	0	5	0	0	0	0	0	0	0	0	0	0	0	0
Otu02287	0	0	0	0	0	0	0	0	0	0	7	0	0	0	0	0	0	0	0	1
Otu02288	0	0	0	0	0	0	0	0	0	0	0	0	0	0	0	0	1	5	0	0
Otu02291	0	0	0	0	0	0	0	0	0	0	0	0	0	0	0	0	3	0	0	0
Otu02298	0	0	0	0	0	0	0	0	0	0	0	0	0	10	0	0	0	0	0	0
Otu02310	0	0	0	0	0	0	3	0	0	0	0	0	0	0	0	0	0	0	0	0
Otu02311	0	2	0	0	0	0	0	0	0	0	0	0	5	0	0	0	0	0	0	0
Otu02312	0	0	0	0	0	0	0	0	0	0	0	0	0	0	0	0	0	11	0	0
Otu02314	0	0	0	0	0	0	2	0	0	0	0	0	0	0	1	0	0	0	0	0
Otu02316	0	0	0	0	0	0	0	0	0	0	3	0	0	0	0	0	0	0	0	0
Otu02318	0	0	0	0	0	0	0	0	0	0	0	0	11	0	0	0	0	0	0	0
Otu02321	0	0	0	0	0	0	0	2	0	0	0	0	0	0	0	0	0	0	0	4
Otu02342	0	0	0	0	0	0	0	0	0	0	5	0	0	0	0	0	0	0	0	0
Otu02351	11	0	0	0	0	0	0	0	0	0	0	0	0	0	0	0	0	0	0	0
Otu02385	0	0	0	0	0	0	0	0	0	0	0	0	0	8	0	0	0	0	0	0
Otu02386	11	0	0	0	0	0	0	0	0	0	0	0	0	0	0	0	0	0	0	0
Otu02408	0	0	0	0	0	0	0	1	0	0	0	1	0	0	0	0	0	0	0	1
Otu02416	0	0	0	4	0	0	0	0	0	0	0	0	0	1	0	0	0	0	0	0
Otu02430	0	0	0	8	0	0	0	0	0	0	0	0	0	0	0	0	0	0	0	0
Otu02441	0	0	0	0	0	0	0	0	0	0	0	0	0	10	0	0	0	0	0	0
Otu02444	0	0	0	0	0	0	0	0	0	0	0	0	10	0	0	0	0	0	0	0
Otu02457	0	0	0	10	0	0	0	0	0	0	0	0	0	0	0	0	0	0	0	0
Otu02464	0	0	0	0	0	0	0	0	0	0	0	3	0	0	0	1	0	0	0	0
Otu02549	0	0	0	0	0	0	0	0	0	0	0	0	3	0	0	0	0	0	0	0
Otu02554	0	0	0	0	0	0	0	0	0	0	0	1	0	0	4	1	0	0	0	0
Otu02555	0	0	0	0	0	0	0	0	0	0	0	0	0	0	0	0	0	6	0	0
Otu02565	1	0	0	0	0	2	0	0	0	0	0	0	0	0	0	0	0	0	0	0
Otu02568	0	0	0	0	0	6	0	0	0	0	0	0	0	0	0	0	0	0	0	0
Otu02571	0	0	0	0	0	0	0	0	0	0	0	0	0	0	0	0	4	0	0	0
Otu02574	0	0	0	0	0	0	0	0	0	0	0	0	0	0	0	0	0	1	0	2
Otu02583	0	0	0	9	0	0	0	0	0	0	0	0	0	0	0	0	0	0	0	0
Otu02587	0	0	0	0	0	0	0	0	0	0	0	0	0	0	0	0	0	0	0	9
Otu02607	0	0	0	0	0	0	0	0	0	0	0	3	0	0	0	0	0	0	0	0
Otu02608	0	2	2	0	0	0	0	0	0	0	0	0	0	0	0	0	0	0	0	0
Otu02612	0	0	0	0	0	0	0	0	0	0	5	0	0	0	1	0	0	0	0	0
Otu02629	8	0	0	0	0	0	0	0	0	0	0	0	0	0	0	0	0	0	0	0
Otu02650	0	0	0	0	0	0	0	0	0	0	0	0	0	0	7	0	0	0	0	0
Otu02652	0	0	0	0	0	0	0	0	0	0	0	0	0	0	0	0	0	0	0	3
Otu02661	0	0	3	0	0	0	0	0	0	0	0	0	0	0	0	0	0	0	0	0
Otu02668	0	0	6	0	0	0	0	0	0	0	0	0	0	0	0	0	0	0	0	0
Otu02679	0	0	0	0	0	0	0	0	0	0	0	0	0	0	0	0	5	0	0	0
Otu02686	8	0	0	0	0	0	0	0	0	0	0	0	0	0	0	0	0	0	0	0
Otu02687	0	0	0	0	0	0	0	0	0	0	0	0	0	0	0	0	0	0	6	0
Otu02691	0	0	0	0	0	0	0	0	0	0	0	8	0	0	0	0	0	0	0	0
Otu02705	0	0	0	8	0	0	0	0	0	0	0	0	0	0	0	0	0	0	0	0
Otu02717	0	0	0	0	0	0	0	0	0	0	0	6	0	0	0	1	0	0	0	0
Otu02718	0	0	0	0	0	0	0	0	0	0	0	5	1	0	0	2	0	0	0	0
Otu02719	0	0	0	0	0	0	0	0	0	0	4	0	0	0	4	0	0	0	0	0
Otu02728	0	0	0	0	1	0	5	0	0	0	0	0	0	0	0	0	0	0	0	0
Otu02745	0	0	0	0	0	0	0	0	0	0	0	0	0	0	0	0	0	3	0	0
Otu02756	0	0	0	0	0	0	0	0	0	0	0	0	0	0	0	0	0	0	0	4
Otu02759	0	0	0	0	0	0	0	0	0	0	0	0	0	0	4	0	0	0	0	0
Otu02762	0	0	0	0	0	0	0	0	0	0	7	0	0	0	0	0	0	0	0	0
Otu02770	0	0	0	0	0	0	0	0	0	0	0	0	7	0	0	0	0	0	0	0
Otu02776	0	0	0	0	0	0	0	0	0	0	0	0	0	0	0	0	0	0	4	0
Otu02782	0	0	0	0	0	0	0	0	0	0	3	0	0	0	0	0	0	0	0	0
Otu02783	0	0	0	0	0	0	0	0	0	0	0	0	0	0	0	0	0	3	0	0
Otu02789	0	0	0	0	0	0	0	0	0	0	0	0	0	0	3	0	0	0	0	0
Otu02790	0	0	0	0	0	0	0	0	0	0	0	6	0	0	0	0	0	0	0	0
Otu02796	0	0	0	8	0	0	0	0	0	0	0	0	0	0	0	0	0	0	0	0
Otu02801	0	0	0	2	0	0	0	0	0	0	0	0	0	0	0	2	0	0	0	0
Otu02804	0	0	0	0	0	0	0	0	0	0	0	0	0	0	0	0	0	7	0	0
Otu02808	0	0	0	0	0	0	0	0	0	0	0	4	0	1	0	0	0	0	0	0
Otu02819	0	0	0	0	0	0	5	0	0	0	0	0	0	0	0	0	0	0	0	0
Otu02823	0	0	0	0	0	0	0	0	0	0	0	0	0	0	0	0	0	0	0	6
Otu02826	2	0	0	1	0	0	0	0	0	0	0	0	0	0	0	0	0	0	0	0
Otu02834	0	0	0	0	0	0	0	0	0	0	0	0	0	0	0	0	0	3	0	0
Otu02836	0	0	0	0	0	0	7	0	0	0	0	0	0	0	0	0	0	0	0	0
Otu02851	1	0	0	3	0	0	0	0	0	0	0	0	0	0	0	0	0	0	0	0
Otu02858	0	0	0	0	0	0	0	0	0	0	0	0	0	0	0	0	0	7	0	0
Otu02872	0	0	0	0	0	0	0	0	0	0	0	0	3	0	0	0	0	0	0	0
Otu02873	0	3	0	0	0	0	0	0	0	0	0	0	0	0	0	0	0	0	0	0
Otu02877	0	0	0	0	0	0	0	0	0	3	0	0	0	0	0	0	0	0	0	0
Otu02885	0	0	0	0	0	0	0	0	0	0	0	0	4	0	1	0	0	0	0	0
Otu02906	0	0	0	0	0	0	0	0	0	0	4	0	0	0	0	0	0	0	0	0
Otu02908	0	0	0	0	0	0	0	0	0	0	0	0	0	0	0	0	3	0	0	0
Otu02909	0	0	0	0	0	0	0	0	0	0	0	0	0	0	0	5	0	0	0	0
Otu02914	0	0	0	0	0	0	0	0	0	0	0	0	0	0	7	0	0	0	0	0
Otu02923	0	0	0	0	0	0	0	0	0	0	0	0	0	0	5	0	0	0	0	0
Otu02936	0	0	0	0	0	0	1	0	0	3	0	0	0	0	0	0	0	0	0	0
Otu02939	7	0	0	0	0	0	0	0	0	0	0	0	0	0	0	0	0	0	0	0
Otu02941	0	0	0	0	0	0	0	0	0	0	0	0	7	0	0	0	0	0	0	0
Otu02942	0	0	0	0	0	0	0	0	0	0	0	0	0	0	0	0	3	0	0	0
Otu02951	0	0	3	0	0	0	0	0	0	0	0	0	0	0	0	0	0	0	0	0
Otu02959	0	0	0	0	0	0	2	0	0	0	0	0	0	0	0	0	0	4	0	0
Otu02964	0	0	0	0	0	7	0	0	0	0	0	0	0	0	0	0	0	0	0	0
Otu02968	0	0	0	0	5	0	0	0	0	0	0	0	0	0	0	0	0	0	0	0
Otu02973	0	0	0	0	0	0	0	0	0	0	0	0	0	0	5	2	0	0	0	0
Otu02984	0	0	0	0	0	0	3	0	0	0	0	0	0	0	0	0	0	0	0	0
Otu02991	0	0	0	5	0	0	0	0	0	0	0	0	0	0	0	0	0	0	0	0
Otu03007	0	0	0	0	0	6	0	0	0	0	0	0	0	0	0	0	0	0	0	0
Otu03011	0	0	6	0	0	0	0	0	0	0	0	0	0	0	0	0	0	0	0	0
Otu03041	0	0	0	0	0	0	0	0	0	0	0	0	6	0	0	0	0	0	0	0
Otu03044	0	0	0	0	0	0	0	0	0	0	0	0	0	0	0	0	3	1	0	0
Otu03045	6	0	0	0	0	0	0	0	0	0	0	0	0	0	0	0	0	0	0	0
Otu03056	0	0	0	0	0	0	0	0	0	0	1	0	0	0	0	2	0	0	0	0
Otu03060	0	0	0	0	0	0	0	0	0	0	0	0	0	0	0	0	0	0	6	0
Otu03067	0	0	0	5	0	0	0	0	0	0	0	0	0	0	0	0	0	0	0	0
Otu03071	0	0	0	0	0	0	0	0	0	0	0	0	0	0	0	5	0	0	0	0
Otu03072	0	0	0	0	0	0	0	0	0	0	0	0	0	0	6	0	0	0	0	0
Otu03073	0	0	0	0	0	0	0	4	0	0	0	0	0	0	0	0	0	0	0	0
Otu03083	0	0	0	0	0	1	0	0	0	0	0	0	0	5	0	0	0	0	0	0
Otu03092	0	0	0	0	0	3	0	0	0	0	0	0	0	0	0	0	0	0	0	0
Otu03118	0	0	0	0	0	0	0	0	0	0	0	0	0	0	0	0	0	0	2	1
Otu03130	0	0	0	0	0	0	0	0	0	0	0	6	0	0	0	0	0	0	0	0
Otu03152	0	0	0	0	0	0	0	0	0	1	0	0	0	0	0	0	0	0	0	3
Otu03170	0	0	0	0	0	0	2	0	1	2	0	0	0	0	0	0	0	0	0	0
Otu03235	0	0	1	0	0	0	0	0	0	0	2	0	0	0	0	0	0	0	0	0
Otu03295	0	0	0	0	0	0	0	0	0	0	0	0	0	0	5	0	0	0	0	0
Otu03303	0	0	0	0	0	0	0	4	0	0	0	1	0	0	0	0	0	0	0	0
Otu03329	0	0	0	0	0	0	0	0	0	0	3	0	0	0	0	0	0	0	0	0
Otu03352	0	0	0	0	0	0	0	0	0	0	0	0	0	0	0	0	4	0	0	0
Otu03357	0	0	0	0	0	0	0	0	0	0	0	0	0	0	5	0	0	0	0	0
Otu03371	0	0	0	0	0	0	2	0	0	0	0	0	0	0	0	0	1	0	0	0
Otu03376	0	5	0	0	0	0	0	0	0	0	0	0	0	0	0	0	0	0	0	0
Otu03386	0	0	0	0	0	0	0	0	0	0	0	1	0	2	0	0	0	0	0	0
Otu03405	1	0	0	2	0	0	0	0	0	0	0	0	0	0	0	0	0	0	0	0
Otu03407	0	0	0	0	0	0	0	0	0	0	0	0	0	0	0	0	0	0	0	5
Otu03408	0	0	0	0	0	0	0	0	0	0	0	0	5	0	0	0	0	0	0	0
Otu03467	0	0	0	0	0	0	0	0	0	0	1	0	0	0	0	0	2	0	0	0
Otu03475	0	0	0	0	0	0	0	0	0	0	0	5	0	0	0	0	0	0	0	0
Otu03492	0	0	0	0	0	0	1	0	0	0	0	0	0	0	3	0	0	0	0	0
Otu03493	0	0	0	0	0	0	0	0	0	0	2	0	0	0	0	1	0	0	0	0
Otu03497	0	0	0	0	0	0	0	0	0	4	0	0	0	0	0	0	0	0	0	0
Otu03527	0	0	0	0	0	0	2	0	1	1	0	0	0	0	0	0	0	0	0	0
Otu03555	0	0	4	0	0	0	0	0	0	0	0	0	0	0	0	0	0	0	0	0
Otu03571	0	0	0	0	0	0	0	0	0	0	0	0	0	3	0	0	0	0	0	0
Otu03637	0	0	0	0	0	0	0	0	0	0	0	3	0	0	0	0	0	0	0	0
Otu03678	0	0	0	0	0	0	0	0	0	0	0	0	0	0	0	0	0	3	0	0
Otu03765	0	0	4	0	0	0	0	0	0	0	0	0	0	0	0	0	0	0	0	0
Otu03783	0	0	0	0	0	3	0	0	0	0	0	0	0	0	0	0	0	0	0	0
Otu03784	0	0	0	0	0	4	0	0	0	0	0	0	0	0	0	0	0	0	0	0
Otu03795	1	0	0	0	1	0	0	0	0	0	0	1	0	0	0	0	0	0	0	0
Otu03815	0	0	0	4	0	0	0	0	0	0	0	0	0	0	0	0	0	0	0	0
Otu03889	0	0	0	3	0	0	0	0	0	0	0	0	0	0	0	0	0	0	0	0
Otu03898	0	0	0	0	0	0	0	0	0	0	0	0	0	0	3	0	0	0	0	0
Otu03959	0	0	0	3	0	0	0	0	0	0	0	0	0	0	0	0	0	0	0	0
Otu03992	0	0	0	0	0	0	0	0	0	0	0	0	0	3	0	0	0	0	0	0
Otu04026	0	0	1	2	0	0	0	0	0	0	0	0	0	0	0	0	0	0	0	0
Otu04030	0	0	0	0	0	0	0	3	0	0	0	0	0	0	0	0	0	0	0	0
Otu04035	0	0	0	0	0	0	0	0	0	0	0	0	0	0	0	0	3	0	0	0
Otu04053	0	0	0	0	0	0	0	0	0	3	0	0	0	0	0	0	0	0	0	0
Otu04098	0	0	0	0	0	0	0	0	0	0	0	3	0	0	0	0	0	0	0	0
Otu04154	0	0	0	0	0	0	0	0	0	0	0	0	3	0	0	0	0	0	0	0
Otu04155	0	0	0	0	0	0	3	0	0	0	0	0	0	0	0	0	0	0	0	0
Otu04173	0	0	0	0	0	0	0	0	0	0	0	3	0	0	0	0	0	0	0	0
Otu04274	0	0	0	0	3	0	0	0	0	0	0	0	0	0	0	0	0	0	0	0
Otu04291	2	1	0	0	0	0	0	0	0	0	0	0	0	0	0	0	0	0	0	0
Otu04294	0	0	0	0	0	0	0	0	0	0	0	0	0	0	0	0	0	3	0	0
Otu04349	0	3	0	0	0	0	0	0	0	0	0	0	0	0	0	0	0	0	0	0
Otu04351	0	0	0	3	0	0	0	0	0	0	0	0	0	0	0	0	0	0	0	0
Otu04373	0	0	0	0	0	0	0	0	0	0	0	3	0	0	0	0	0	0	0	0
Otu04384	0	0	0	0	0	0	0	0	0	0	0	0	0	0	0	3	0	0	0	0
Otu04386	3	0	0	0	0	0	0	0	0	0	0	0	0	0	0	0	0	0	0	0
Otu04407	0	0	0	3	0	0	0	0	0	0	0	0	0	0	0	0	0	0	0	0
Otu04412	0	0	3	0	0	0	0	0	0	0	0	0	0	0	0	0	0	0	0	0
Otu04439	0	0	3	0	0	0	0	0	0	0	0	0	0	0	0	0	0	0	0	0
Otu04462	0	0	0	0	0	0	3	0	0	0	0	0	0	0	0	0	0	0	0	0
Otu04476	0	0	0	0	0	0	0	0	0	0	0	0	0	0	0	0	0	0	0	3
Otu04484	0	0	0	0	0	0	0	0	0	0	0	3	0	0	0	0	0	0	0	0
Otu04507	0	0	0	0	0	0	0	0	0	0	0	0	3	0	0	0	0	0	0	0
Otu04523	0	0	0	0	0	0	0	0	0	0	0	0	0	0	0	0	3	0	0	0
Otu04529	0	3	0	0	0	0	0	0	0	0	0	0	0	0	0	0	0	0	0	0
