OTU_id	F14RootFungi.2p.A1	F14RootFungi.2p.C2	F14RootFungi.2p.C4	F14RootFungi.2p.D3	F14RootFungi.H8	F14RootFungi.H9	F14Group.Root108	F14Group.Root99	F14RootFungi.G10	F14RootFungi.H3	F15RootFungi.2p.B1	F15RootFungi.2p.C2	F15RootFungi.2p.A1	F15RootFungi.2p.B5	F15RootFungi.2p.D3	F15RootFungi.H8	F15Group.Root111	F15Group.Root108	F15RootFungi.G10	F15RootFungi.G5
Otu00001	1852	4	5	8	1	2261	4	6	3	8	6	28	15	7	11	23	6393	5607	4401	8
Otu00002	13	11	5372	960	1508	65	4239	16	9	7	5480	13	12	88	750	10	1	5	3	3
Otu00003	37	4891	11	4296	3065	3574	28	8	9	6	257	10	3474	567	3531	5	1	8	2	4
Otu00004	0	3	4	77	0	0	296	0	0	0	0	0	1	0	1	1	0	0	1	1
Otu00005	202	219	239	23	44	70	28	2570	1421	458	0	12	252	0	60	360	0	1	46	16
Otu00006	327	237	213	98	304	7	36	418	209	331	0	17	1	0	120	11	0	0	0	0
Otu00007	712	45	100	79	84	87	14	143	80	145	286	829	304	1364	48	596	0	12	103	105
Otu00008	2	2	0	40	0	60	0	5	23	0	1	88	2	1	1	60	3	6	39	435
Otu00009	1461	2	3	3	5	3	0	2	570	62	3	854	142	30	114	26	85	21	5	7
Otu00010	0	0	0	0	0	0	1	0	1	5	0	0	0	0	0	0	0	1	0	0
Otu00011	1	0	1	2	1	9	0	3	10	3416	0	1	0	1	0	1	0	0	0	0
Otu00012	0	36	0	0	0	1	54	0	2335	100	3	1	1	0	0	2	2	9	633	782
Otu00013	496	728	0	201	672	58	3	1	16	614	1	1	0	0	27	0	0	1	2	1
Otu00014	0	111	30	0	18	0	0	0	0	0	0	0	0	0	0	280	0	2	0	0
Otu00015	2	1	0	3	0	2	1	2	12	9	0	1	0	1	0	0	0	0	0	0
Otu00016	0	18	36	102	14	2	14	3	18	7	1	156	0	1	76	85	3	27	108	2607
Otu00017	36	1	2	3	0	5	0	0	2	0	0	620	7	61	68	15	3	52	0	0
Otu00018	1	0	0	0	0	22	2	0	2	0	1	0	20	246	0	808	30	4	1	33
Otu00019	0	0	9	0	0	0	0	0	77	35	0	0	0	0	1	111	6	0	0	0
Otu00020	75	2	21	5	55	4	0	0	0	1	0	123	0	373	183	112	0	0	6	7
Otu00021	1	0	1	1	1	0	292	0	0	0	5	5	0	2	2	0	1	1	0	1
Otu00022	72	0	23	9	12	8	0	0	0	3	0	0	33	116	1	191	1	1	19	308
Otu00023	16	8	6	18	4	9	15	16	135	105	2	72	21	154	23	17	1	11	77	2
Otu00024	13	0	0	0	1	0	2	0	3	27	0	30	4	7	0	0	1	5	2	8
Otu00025	33	2	5	1	10	20	0	23	112	77	12	106	150	350	14	248	3	7	10	133
Otu00026	0	0	0	0	0	0	125	0	5	0	0	0	0	0	0	0	35	13	0	0
Otu00027	0	0	1	0	0	0	0	15	0	136	12	0	1	1	92	0	0	0	187	19
Otu00028	0	0	0	0	0	0	9	0	17	0	0	0	0	0	0	0	0	23	0	0
Otu00029	0	36	14	0	0	37	0	0	0	2	2	1	2	33	17	0	0	2	1	67
Otu00030	42	0	1	0	0	0	3	1	0	3	0	12	16	0	0	0	15	1	0	0
Otu00031	24	0	0	0	0	5	0	0	0	0	0	69	38	248	367	56	4	6	0	0
Otu00032	0	1	0	0	1	1	0	1	7	3	1	4	1	2	1	1	0	0	0	10
Otu00033	2	24	22	42	1	0	0	241	207	0	0	0	1	0	25	1	0	0	0	0
Otu00034	2	0	22	1	1	0	0	0	0	0	0	42	0	63	0	394	4	1	0	1
Otu00035	0	0	0	0	0	0	0	1	0	1	0	0	0	0	0	1	0	0	0	6
Otu00036	0	0	0	0	0	0	0	0	0	0	0	3	2	0	0	1043	0	0	0	0
Otu00037	0	0	0	0	0	0	0	0	0	0	0	46	0	0	0	0	0	0	0	0
Otu00038	0	0	0	0	0	0	0	0	41	0	0	1	2	0	0	0	0	0	46	73
Otu00039	1	0	0	0	0	0	316	0	0	1	0	0	0	0	0	0	0	16	0	0
Otu00040	0	0	0	0	0	0	0	0	0	0	1	1	2	1	0	1	0	1	1	0
Otu00042	0	1	0	0	0	0	0	2	0	0	0	0	0	0	0	0	0	1	0	0
Otu00043	0	1	0	1	0	0	0	0	0	0	0	2	0	1	1	0	1	1	0	0
Otu00044	0	0	0	27	0	0	0	0	0	0	16	242	1	34	13	88	0	0	0	4
Otu00045	0	0	0	0	1	0	0	0	0	8	0	0	0	0	0	0	0	0	5	0
Otu00046	0	0	0	0	0	0	0	0	0	0	0	0	0	0	0	0	1	0	124	63
Otu00047	0	0	0	9	0	0	0	49	43	0	0	0	0	0	23	0	0	0	0	23
Otu00048	0	0	0	5	0	1	0	0	0	0	0	180	0	0	0	396	16	0	0	0
Otu00049	1	0	0	1	0	0	0	0	1	0	0	0	0	0	0	0	0	1	2	0
Otu00050	4	14	1	3	4	0	1	11	9	9	0	3	15	0	0	2	0	0	0	3
Otu00051	11	0	22	0	2	5	0	0	0	0	0	0	0	0	0	0	0	0	0	0
Otu00053	0	80	0	10	0	0	1	0	2	0	0	231	36	1	0	0	3	24	1	0
Otu00054	0	1	0	0	0	0	15	0	0	0	0	1	0	0	0	0	30	5	0	0
Otu00055	0	1	0	1	0	0	1	105	106	100	0	22	0	0	0	0	1	0	211	5
Otu00056	0	0	0	0	0	0	0	0	1	0	0	0	0	0	0	0	0	0	114	0
Otu00061	0	36	0	1	0	0	0	1	0	0	0	0	0	0	0	0	0	0	0	0
Otu00063	0	0	0	0	0	0	0	25	70	23	0	16	0	0	0	0	0	0	0	143
Otu00064	0	0	0	0	0	2	0	0	0	0	0	5	20	100	14	0	1	1	0	0
Otu00065	0	0	0	0	0	0	0	0	0	0	0	367	0	199	1	0	0	0	0	58
Otu00067	0	0	0	2	3	0	0	0	0	0	6	1	0	33	44	27	0	0	0	2
Otu00069	0	1	0	0	1	0	0	0	2	0	0	0	0	0	0	0	0	0	3	0
Otu00070	0	0	0	0	0	0	0	0	0	0	0	0	0	53	41	13	0	0	0	0
Otu00071	2	2	0	1	1	0	1	1	0	1	0	0	0	0	0	0	0	0	0	0
Otu00072	0	0	0	0	0	0	16	0	0	0	0	0	0	0	0	0	7	7	0	0
Otu00073	0	0	0	0	0	0	0	0	8	0	1	1	0	0	0	1	0	0	1	0
Otu00074	0	0	0	0	0	0	0	0	0	0	0	23	0	0	0	0	0	0	0	0
Otu00075	0	0	0	0	0	0	0	0	0	0	4	377	222	162	82	40	0	4	0	13
Otu00076	0	0	0	142	0	0	0	0	0	0	0	3	0	0	0	0	0	0	0	0
Otu00077	55	0	13	12	0	0	0	1	0	0	0	1	3	0	36	117	0	0	0	0
Otu00078	0	0	0	0	0	0	0	0	3	0	0	0	0	0	0	0	0	0	0	0
Otu00079	0	0	0	0	0	0	0	0	0	0	0	0	617	0	1	0	0	0	0	0
Otu00080	0	0	0	0	2	0	0	0	0	0	5	51	2	0	5	0	0	0	0	0
Otu00082	299	5	0	52	1	0	1	0	0	1	0	0	0	0	0	13	0	0	0	1
Otu00084	26	0	5	1	0	1	0	0	2	0	0	18	20	0	67	82	0	0	23	6
Otu00085	0	0	0	0	0	0	2	0	3	13	0	0	0	0	0	0	0	0	19	0
Otu00086	0	0	188	108	129	45	0	0	0	0	0	0	0	1	125	0	0	13	0	0
Otu00087	0	0	0	0	0	0	0	0	0	0	0	0	0	0	0	0	0	0	0	11
Otu00088	44	0	5	0	0	0	0	0	0	0	0	0	0	128	0	0	8	0	0	0
Otu00089	0	0	0	0	0	0	6	0	0	3	6	85	0	1	0	1	0	14	0	0
Otu00090	0	0	1	0	0	0	0	1	0	0	0	1	0	0	0	0	0	0	71	92
Otu00092	0	12	6	0	7	0	1	1	27	39	0	0	2	2	0	0	0	0	0	0
Otu00093	0	0	5	0	1	9	0	0	0	0	0	0	0	0	0	0	0	0	0	0
Otu00094	26	2	30	24	1	0	1	0	0	0	0	0	0	0	0	7	0	0	0	1
Otu00095	0	0	4	0	0	0	0	0	0	0	0	0	55	0	7	22	3	3	0	0
Otu00096	0	0	0	0	0	0	0	0	0	0	0	139	0	0	0	0	0	0	0	40
Otu00097	8	0	0	0	4	1	0	0	0	2	2	5	0	0	0	1	0	1	7	0
Otu00098	0	6	0	0	0	0	0	0	0	0	0	0	0	0	0	5	0	0	0	0
Otu00099	0	0	0	0	0	0	0	0	0	0	0	0	1	0	0	0	0	612	0	0
Otu00100	0	0	0	0	0	0	0	0	0	0	0	0	0	28	0	0	0	0	0	0
Otu00101	5	0	3	0	0	0	0	0	0	0	0	0	0	0	0	0	0	0	0	0
Otu00102	0	0	0	0	0	0	0	0	0	0	48	0	0	0	0	0	0	0	0	0
Otu00103	1	1	0	0	0	0	0	66	589	4	1	0	0	33	0	0	0	0	120	0
Otu00104	0	0	0	0	0	9	0	2	0	0	0	0	0	0	0	0	0	0	0	0
Otu00106	0	0	1	2	0	0	0	0	0	0	0	29	0	0	0	0	0	0	0	0
Otu00107	0	0	0	0	0	0	0	0	0	0	0	0	17	0	0	0	0	0	0	0
Otu00110	2	0	0	10	0	1	0	6	32	23	0	0	173	0	0	1	0	0	0	0
Otu00112	0	0	0	0	0	0	0	0	0	0	0	0	53	0	0	0	0	0	11	25
Otu00114	0	0	1	1	0	0	0	0	0	0	0	1	1	0	1	0	0	1	0	0
Otu00115	87	0	3	55	61	2	0	1	0	0	0	46	69	1	12	131	0	0	0	0
Otu00119	1	1	14	5	12	0	45	0	0	0	18	0	0	1	2	0	0	0	0	0
Otu00121	0	0	0	0	0	0	0	0	0	0	0	0	0	1	0	0	0	1	1	0
Otu00122	0	0	0	0	0	0	0	0	0	0	0	0	0	0	0	0	0	0	0	3
Otu00124	3	0	0	0	0	0	0	119	0	0	0	0	0	112	0	0	0	0	0	0
Otu00126	0	0	0	0	0	0	0	9	0	0	0	0	0	0	0	0	0	0	0	0
Otu00127	1	1	26	0	9	47	47	0	0	0	0	0	0	0	0	0	1	0	0	0
Otu00128	0	0	0	0	0	0	0	0	0	0	0	0	0	0	0	0	0	0	2	1
Otu00129	0	0	0	0	0	0	0	0	0	0	0	3	0	1	0	0	0	0	0	1
Otu00130	0	0	0	0	0	0	0	0	0	0	0	0	0	0	0	0	2	0	35	0
Otu00132	0	1	0	1	0	0	0	0	0	100	0	0	0	0	1	0	0	0	0	1
Otu00134	0	0	0	0	0	0	5	0	22	1	0	0	0	0	0	0	0	0	0	0
Otu00136	0	0	0	1	5	0	0	0	0	0	0	0	0	0	0	23	0	0	0	1
Otu00137	4	1	0	23	1	5	3	19	0	1	0	8	19	5	1	3	1	1	0	1
Otu00138	1	0	0	0	27	10	0	0	0	25	1	0	0	0	0	0	0	0	0	4
Otu00140	0	4	5	2	0	0	0	0	0	0	0	0	0	0	0	0	0	0	0	47
Otu00142	0	0	0	0	0	0	0	0	0	0	0	14	0	0	0	101	0	0	0	0
Otu00143	0	0	0	0	0	1	0	0	0	0	0	3	0	19	9	7	0	0	0	0
Otu00144	0	0	0	0	0	0	0	0	0	0	0	0	0	0	0	0	0	0	0	3
Otu00146	5	51	0	0	4	1	22	108	26	0	0	29	1	0	0	3	0	2	0	5
Otu00147	1	0	0	0	0	0	0	1803	0	0	0	0	0	0	0	0	0	0	0	0
Otu00149	0	0	0	0	33	0	0	0	0	2	16	0	11	0	0	37	0	0	0	0
Otu00150	0	0	0	0	0	0	0	0	0	0	0	4	0	0	0	0	0	1	0	0
Otu00151	0	0	0	3	0	0	0	0	0	0	0	0	0	0	0	0	0	0	0	7
Otu00153	0	0	0	0	0	0	0	1	0	0	0	0	1	0	0	0	0	0	81	0
Otu00154	1	0	0	0	0	0	744	31	0	0	0	0	0	0	0	0	0	0	0	0
Otu00155	0	0	0	0	0	0	0	0	0	0	0	0	0	0	0	0	0	0	0	12
Otu00156	0	6	0	1	0	0	0	0	0	0	0	0	0	0	11	2	0	0	0	0
Otu00157	0	0	0	0	0	0	0	0	0	0	0	0	0	0	2	0	0	0	0	63
Otu00160	0	0	0	0	0	0	0	0	0	0	0	0	1	0	0	0	0	0	0	121
Otu00161	0	0	0	0	0	0	0	0	0	3	0	1	1	0	0	0	1	3	2	12
Otu00162	1	0	0	0	0	0	0	0	0	15	0	0	0	0	0	0	0	0	0	7
Otu00163	0	0	0	0	0	0	0	0	0	0	0	0	0	0	0	0	0	0	0	26
Otu00164	0	0	0	0	0	0	0	8	10	0	0	0	0	11	0	0	0	0	0	35
Otu00165	0	0	0	2	0	0	0	0	0	0	0	1	0	0	0	0	0	23	0	0
Otu00168	0	0	0	0	0	0	10	0	2	0	1	11	31	55	11	27	1	28	0	0
Otu00170	6	0	0	0	0	10	0	0	0	0	0	1	0	0	10	0	0	0	0	0
Otu00172	0	0	0	1	0	0	0	0	0	4	0	0	0	0	0	0	0	0	0	0
Otu00173	5	7	14	0	0	28	0	0	0	0	0	20	43	0	1	12	0	0	0	0
Otu00174	0	0	2	0	0	1	0	0	0	0	0	0	1	4	0	0	0	1	0	0
Otu00176	0	0	0	0	0	0	0	33	9	10	0	0	0	9	1	0	0	0	0	0
Otu00177	1	0	0	0	1	3	0	37	0	0	0	0	0	0	0	0	0	0	0	0
Otu00182	0	0	0	0	0	0	0	0	0	0	0	0	0	0	0	0	0	2	0	51
Otu00183	0	0	0	0	0	0	0	0	0	0	0	0	0	99	0	0	0	0	0	0
Otu00185	0	0	14	0	0	0	0	0	0	0	0	0	0	0	0	0	0	0	0	0
Otu00187	0	0	0	0	0	0	0	0	0	0	0	0	0	0	0	90	0	0	0	85
Otu00189	0	0	0	0	0	0	0	0	0	0	0	0	0	0	0	0	0	0	0	13
Otu00190	0	0	0	0	0	0	0	0	0	0	0	6	0	0	14	0	0	0	0	0
Otu00192	0	0	0	0	0	0	0	0	0	0	0	0	10	0	0	0	3	6	1	6
Otu00194	0	7	6	0	0	0	0	0	1	0	0	32	0	1045	0	0	0	0	1	1
Otu00195	0	0	0	0	0	0	0	0	0	0	0	29	0	0	1	0	0	0	0	0
Otu00196	0	0	0	0	0	0	0	0	0	0	0	0	30	0	0	0	0	0	0	0
Otu00197	0	0	0	0	0	0	0	0	0	0	0	0	0	0	0	0	0	0	0	14
Otu00198	0	0	0	0	0	0	0	4	0	0	0	0	0	0	0	0	0	0	0	0
Otu00199	0	0	0	0	0	0	0	0	1	0	0	0	0	0	0	0	0	0	0	22
Otu00201	0	0	0	0	0	0	0	0	0	0	0	0	0	0	0	0	0	0	4	0
Otu00203	1	0	9	13	56	0	7	0	0	0	26	0	0	0	1	0	0	0	0	0
Otu00206	0	0	0	0	0	0	0	0	0	0	0	0	0	0	0	0	0	0	0	23
Otu00208	0	0	0	0	0	0	0	0	0	0	0	0	0	0	1	0	0	5	0	0
Otu00209	0	0	0	0	0	0	0	0	0	0	0	1	0	0	0	0	0	0	0	6
Otu00211	161	0	2	2	0	2	0	6	32	3	0	38	5	12	4	23	0	24	3	5
Otu00212	34	2	0	3	3	0	6	1	1	0	1	49	10	21	0	12	1	4	0	7
Otu00213	0	4	0	0	0	0	0	0	0	0	0	23	0	0	9	0	0	0	0	0
Otu00214	0	0	0	78	0	0	0	0	0	0	0	309	0	0	0	0	0	0	0	0
Otu00216	0	0	0	0	0	0	1	0	0	6	0	0	0	0	0	0	0	0	0	0
Otu00218	0	0	0	0	0	9	0	0	0	0	8	0	0	0	0	0	0	0	0	0
Otu00220	0	0	0	0	0	0	0	0	0	0	0	1	96	0	0	0	0	0	0	0
Otu00222	0	0	0	0	25	0	0	0	0	8	0	0	0	0	0	28	0	0	0	0
Otu00224	0	0	0	0	0	0	0	0	0	0	0	10	2	0	2	0	0	1	0	0
Otu00225	12	0	0	0	0	0	0	0	29	0	0	0	0	0	0	24	0	0	0	0
Otu00226	0	0	7	0	0	0	22	0	0	0	3	0	0	1	0	0	10	0	0	0
Otu00230	0	0	0	0	0	0	0	0	0	0	0	0	0	0	0	0	0	0	100	0
Otu00232	0	0	0	0	0	0	0	0	0	0	0	40	0	0	0	0	0	0	0	0
Otu00234	0	0	0	0	0	0	0	0	0	3	0	0	0	0	0	0	0	2	0	0
Otu00237	0	0	0	0	0	0	0	3	0	0	0	0	0	0	0	0	0	0	0	7
Otu00238	0	16	0	6	46	6	2	0	1	0	6	0	5	0	6	0	0	0	0	0
Otu00240	0	0	0	0	0	0	0	0	0	0	0	0	6	0	0	0	1	0	0	0
Otu00245	0	0	0	0	0	0	0	31	22	0	0	1	0	0	0	0	0	0	0	10
Otu00247	0	0	0	0	0	0	0	0	0	0	0	0	0	0	0	85	0	0	0	0
Otu00249	0	0	49	24	65	3	0	0	1	0	0	0	0	0	52	0	0	0	0	0
Otu00250	14	0	0	0	0	0	0	0	0	0	0	0	0	0	0	0	0	0	0	0
Otu00252	0	0	0	0	0	0	0	54	8	9	1	0	0	0	0	0	0	0	2	0
Otu00260	0	0	0	0	0	0	0	0	0	0	0	0	0	0	0	0	0	0	0	9
Otu00262	0	0	0	0	0	0	0	0	0	0	0	0	0	0	0	8	0	0	0	0
Otu00263	0	0	0	0	0	0	0	0	0	0	0	0	0	0	0	30	0	0	0	0
Otu00265	0	0	0	0	0	0	0	0	0	89	0	0	0	0	0	0	0	0	0	0
Otu00266	0	0	0	0	1	0	0	0	0	0	1	0	0	20	9	0	0	0	0	0
Otu00268	18	0	0	0	0	0	0	0	0	0	0	0	5	0	0	0	0	0	0	0
Otu00272	0	0	0	0	0	0	0	0	0	0	0	0	0	0	6	0	0	0	0	5
Otu00274	0	0	0	0	0	0	0	0	0	0	0	0	0	0	0	12	0	0	0	0
Otu00276	0	0	0	0	0	0	0	0	3	0	0	0	0	0	0	0	0	0	0	0
Otu00279	0	0	0	0	9	0	0	0	0	0	0	0	0	0	0	0	0	0	0	0
Otu00280	0	0	0	0	0	0	0	0	0	0	0	6	0	3	0	0	0	0	0	38
Otu00281	0	0	0	0	0	0	0	0	0	0	0	0	0	0	9	0	0	0	0	0
Otu00282	9	0	0	0	0	0	0	11	0	0	0	0	0	0	39	0	0	0	0	0
Otu00283	0	0	0	0	0	0	0	0	3	45	0	0	0	0	0	0	0	0	0	0
Otu00284	0	0	0	0	4	0	0	0	0	0	0	14	3	3	2	0	0	0	0	0
Otu00285	0	0	0	0	0	0	0	0	0	0	0	7	0	0	0	0	0	1	0	0
Otu00286	7	10	0	0	0	49	0	0	0	0	0	0	9	0	0	0	0	0	0	0
Otu00287	0	0	0	0	0	0	0	7	0	0	0	0	0	0	0	0	0	0	0	16
Otu00288	0	0	0	0	0	0	0	0	0	0	0	0	0	0	0	6	0	0	0	0
Otu00289	0	0	0	0	0	0	3	0	0	0	0	563	0	0	0	0	0	0	0	0
Otu00292	0	0	0	4	0	0	1	0	0	0	0	0	0	0	0	0	0	0	0	0
Otu00293	0	0	0	0	0	0	3	0	0	0	0	0	0	0	0	0	0	0	0	0
Otu00295	1	0	0	0	7	0	0	0	2	1	0	3	3	0	0	3	0	0	0	0
Otu00298	22	0	0	0	0	6	0	0	0	0	0	0	3	0	0	0	0	0	0	0
Otu00299	0	0	0	0	0	0	0	0	0	0	0	0	19	0	0	0	0	0	0	0
Otu00300	0	0	0	0	0	0	0	0	0	0	0	0	0	177	0	0	0	0	0	0
Otu00301	10	0	0	0	4	0	0	0	0	0	0	15	0	51	1	0	0	0	0	0
Otu00303	0	0	0	0	0	0	0	0	0	0	0	0	0	0	0	0	0	0	0	351
Otu00305	0	0	0	0	60	0	0	0	0	0	52	0	0	0	0	0	0	0	0	0
Otu00307	0	0	0	0	0	0	0	0	0	0	0	12	0	0	0	8	0	0	0	2
Otu00310	0	0	0	0	0	0	0	0	3	0	0	0	0	0	0	0	0	0	0	0
Otu00313	0	0	0	0	0	0	0	0	0	0	0	0	0	0	0	0	0	3	0	0
Otu00314	0	0	0	0	0	0	0	0	0	0	0	10	62	0	0	0	0	0	0	0
Otu00315	0	0	0	0	0	0	0	0	0	0	0	0	0	0	0	0	0	0	0	10
Otu00317	0	0	0	0	0	0	0	0	0	0	0	0	0	0	0	0	1	2	0	0
Otu00318	0	0	0	0	0	0	0	0	0	20	0	0	0	0	0	0	5	0	0	11
Otu00320	0	0	0	0	0	16	0	0	0	0	0	0	0	0	0	0	0	0	0	14
Otu00321	0	0	9	15	11	21	0	0	0	0	0	0	0	0	12	0	0	0	0	0
Otu00322	0	0	0	0	2	0	0	0	0	0	0	0	0	0	12	1	0	0	0	0
Otu00325	0	0	0	0	0	0	0	0	0	0	40	0	0	0	0	0	0	0	0	0
Otu00326	0	0	21	0	0	0	0	0	0	0	0	0	0	0	0	0	0	0	0	0
Otu00328	0	3	0	0	2	0	0	0	0	0	0	29	76	0	0	0	0	0	0	0
Otu00329	204	0	0	0	0	0	0	0	0	0	9	0	0	17	0	0	0	0	0	0
Otu00330	0	0	0	0	0	0	132	0	0	0	0	36	1	0	0	0	0	0	0	0
Otu00331	0	0	0	0	5	2	0	0	0	0	0	0	0	0	0	0	0	0	0	0
Otu00335	0	0	0	0	0	0	0	0	0	8	0	0	0	1	0	0	1	0	0	0
Otu00338	0	0	0	0	0	0	0	0	101	0	0	0	0	0	0	0	0	0	0	9
Otu00345	0	0	0	0	0	0	0	0	0	0	0	0	0	30	0	0	0	0	0	0
Otu00347	0	0	0	0	0	0	0	0	0	0	12	0	83	0	0	0	0	0	0	0
Otu00349	0	0	0	0	0	0	0	0	0	0	0	35	0	0	1	4	0	0	0	1
Otu00353	0	0	0	0	0	0	0	0	0	0	0	0	89	0	0	0	0	0	0	0
Otu00354	0	0	0	0	28	0	0	0	0	0	0	0	0	0	3	92	0	0	0	0
Otu00356	3	13	0	0	0	0	0	0	0	0	0	21	0	0	0	0	0	0	0	0
Otu00357	0	0	0	0	0	0	0	0	0	0	0	0	0	0	0	0	0	17	1	51
Otu00358	0	0	0	0	0	0	0	0	0	3	0	0	0	0	0	53	0	0	0	0
Otu00361	0	0	0	28	0	0	0	0	0	0	0	0	0	0	32	0	0	4	0	0
Otu00363	0	0	0	0	0	5	0	0	0	0	0	0	0	0	0	0	0	0	0	0
Otu00367	0	0	0	0	0	0	0	323	0	0	0	0	0	0	0	0	0	0	0	0
Otu00370	0	0	0	0	0	0	0	0	0	0	0	0	0	0	84	0	0	0	0	0
Otu00374	0	0	0	0	0	0	0	0	0	0	0	0	0	0	0	22	0	0	0	0
Otu00377	0	0	0	0	0	0	0	0	0	0	0	0	0	0	0	0	0	0	0	5
Otu00379	3	0	0	0	0	0	0	0	0	0	0	0	0	4	0	0	0	0	0	0
Otu00380	0	0	0	0	3	0	0	0	0	0	2	0	0	0	0	0	0	0	0	0
Otu00383	0	0	0	0	0	0	0	0	0	0	0	8	0	0	0	0	0	0	0	0
Otu00387	0	0	0	0	0	0	0	5	0	0	0	0	0	0	0	0	0	0	52	0
Otu00388	0	0	0	0	0	0	0	0	15	0	0	0	0	0	0	0	0	0	0	0
Otu00394	0	0	0	0	0	0	10	0	0	0	0	0	0	0	0	0	0	0	0	0
Otu00396	0	0	0	0	0	1	0	0	0	0	3	9	0	8	0	2	0	0	0	0
Otu00397	0	0	0	0	0	1	9	0	0	0	0	0	0	52	0	0	0	0	0	0
Otu00398	0	0	0	0	0	0	0	0	0	0	0	3	2	0	3	0	0	0	0	0
Otu00399	0	0	0	0	0	0	0	0	0	89	0	0	0	0	0	0	0	0	0	0
Otu00400	0	0	0	0	0	0	0	0	0	0	0	0	4	0	0	3	0	0	0	0
Otu00402	0	2	0	4	21	1	0	0	0	0	5	1	2	0	0	0	0	0	1	0
Otu00415	0	0	0	0	0	0	0	0	0	0	0	0	0	0	0	0	0	0	0	5
Otu00421	0	0	0	2	0	0	0	0	0	0	0	0	0	0	0	103	0	0	0	0
Otu00422	0	0	0	0	0	0	0	0	0	0	0	0	0	0	0	20	0	0	0	0
Otu00424	0	0	0	0	0	0	7	0	0	0	0	0	0	0	0	0	0	0	0	0
Otu00429	0	0	0	0	0	0	0	0	0	0	0	0	4	1	0	0	0	0	0	5
Otu00432	0	0	2	3	15	0	0	0	0	0	2	0	0	0	0	0	0	0	0	0
Otu00437	0	0	0	0	0	0	0	156	0	0	0	0	0	0	0	0	0	0	0	0
Otu00446	0	0	0	0	0	0	0	0	33	1	7	0	0	0	0	0	0	0	0	56
Otu00447	0	0	0	0	0	0	0	0	0	0	0	0	0	0	0	19	0	0	0	0
Otu00450	0	0	0	0	0	0	2	0	0	0	0	0	1	0	0	0	0	0	0	0
Otu00451	0	0	0	0	0	0	9	0	0	0	0	0	0	0	0	0	0	0	0	0
Otu00452	0	0	0	0	0	0	0	0	0	0	0	0	0	0	0	0	0	0	0	3
Otu00453	0	0	0	0	0	0	0	0	0	0	0	0	14	0	9	0	0	0	0	0
Otu00457	0	0	0	0	0	0	0	0	0	0	0	0	53	0	0	1	0	0	0	0
Otu00458	0	0	0	0	0	0	0	0	0	0	0	0	0	0	0	0	0	0	0	24
Otu00462	0	0	0	0	0	0	0	0	0	0	0	0	0	1	30	0	0	0	0	0
Otu00464	0	0	4	1	6	0	2	0	0	0	7	0	0	1	0	0	0	0	0	0
Otu00465	0	0	0	0	0	0	0	0	0	0	0	0	0	0	117	0	0	0	0	0
Otu00468	0	0	0	0	0	0	0	0	0	0	0	0	3	0	0	0	0	0	0	0
Otu00471	0	0	0	0	0	0	0	0	0	0	0	0	0	0	0	14	0	0	0	0
Otu00473	0	0	0	0	12	0	0	0	0	0	5	0	0	0	0	0	0	0	0	0
Otu00481	0	0	6	0	0	0	0	0	0	0	0	4	0	0	0	0	0	0	0	0
Otu00482	0	0	0	0	0	0	0	0	0	0	0	0	0	0	0	0	2	3	0	0
Otu00491	0	0	0	0	0	0	0	11	0	0	0	0	0	0	0	0	0	0	0	0
Otu00494	1	0	3	0	0	0	0	0	0	0	0	2	0	4	0	0	0	0	0	0
Otu00495	0	0	0	0	0	0	0	0	4	2	0	1	1	5	0	4	0	0	0	2
Otu00496	2	0	0	0	0	9	0	0	0	0	0	0	0	0	0	0	4	4	5	0
Otu00497	0	0	0	0	0	0	0	0	0	0	25	0	0	0	15	0	0	0	0	0
Otu00499	0	0	0	0	0	0	0	0	8	0	0	0	0	0	0	0	0	0	0	0
Otu00502	2	13	0	4	2	3	0	0	0	0	0	0	5	1	1	0	0	0	0	0
Otu00506	0	0	0	4	0	0	0	0	0	0	0	0	0	0	15	0	0	0	0	0
Otu00515	0	0	0	0	3	0	0	0	0	0	0	0	0	0	0	0	0	0	0	0
Otu00516	0	0	0	0	0	0	0	0	0	29	0	0	0	0	0	0	0	0	0	0
Otu00523	0	0	0	0	0	0	0	0	0	0	0	0	0	0	0	0	0	0	0	8
Otu00526	0	0	0	0	4	0	0	0	0	0	0	0	0	0	0	0	0	0	0	0
Otu00528	6	0	0	0	0	4	0	0	0	0	0	0	0	0	0	0	6	2	2	0
Otu00532	1	0	0	0	2	0	0	0	0	0	0	0	0	0	0	1	0	1	0	0
Otu00534	0	0	0	0	0	0	0	0	0	0	0	0	0	0	0	0	0	0	0	28
Otu00541	0	0	0	0	0	0	7	0	0	0	0	0	0	0	0	0	0	0	0	0
Otu00543	0	11	0	0	0	0	0	0	0	0	5	0	0	0	3	0	0	0	0	0
Otu00544	0	1	0	0	0	42	0	0	0	0	0	0	0	0	0	0	0	0	0	0
Otu00551	0	5	0	5	3	4	0	0	0	0	0	0	4	1	6	0	0	0	0	0
Otu00555	0	0	0	0	5	0	0	0	0	0	7	0	0	0	0	0	0	0	0	0
Otu00557	0	0	0	0	0	0	3	0	0	0	0	0	0	0	0	0	0	1	0	0
Otu00558	0	0	0	0	0	0	0	0	0	173	0	0	0	0	0	0	0	0	0	0
Otu00559	0	0	0	0	0	0	0	0	0	0	0	1	1	0	0	0	0	0	2	0
Otu00567	0	0	0	0	0	0	0	0	0	0	0	0	0	0	0	0	0	0	0	4
Otu00571	0	0	0	0	0	0	0	50	0	0	0	0	0	0	0	0	0	0	0	0
Otu00576	0	0	0	0	0	0	0	0	0	0	0	0	11	0	0	0	0	0	0	0
Otu00578	0	0	0	0	0	0	0	0	0	0	4	0	0	12	0	0	0	0	0	0
Otu00579	0	0	0	0	0	0	0	0	4	0	0	0	0	0	0	0	0	0	0	0
Otu00580	0	0	0	0	3	0	0	0	0	0	0	0	0	0	0	0	0	0	0	0
Otu00588	0	0	0	0	0	0	0	0	1	0	0	0	0	0	0	13	0	0	0	12
Otu00601	0	0	0	0	0	0	0	0	0	0	0	0	0	0	0	0	0	0	0	15
Otu00602	0	0	2	0	0	1	0	0	0	0	0	5	0	0	3	40	1	0	0	0
Otu00603	2	0	2	0	1	0	0	0	0	0	0	0	0	1	0	2	0	0	0	3
Otu00604	0	0	0	0	0	0	0	0	0	0	0	0	0	0	0	0	0	0	0	14
Otu00610	0	4	0	0	0	0	0	0	0	0	0	0	0	0	0	0	0	0	0	0
Otu00612	6	0	0	0	1	0	0	1	16	6	0	1	0	0	0	0	0	0	0	0
Otu00614	0	0	0	0	0	0	0	0	0	0	0	0	0	0	0	0	0	0	0	7
Otu00624	0	0	0	0	0	0	0	0	0	0	0	0	1	0	7	0	0	0	0	0
Otu00627	0	0	0	0	0	0	0	0	0	0	0	3	0	0	9	0	0	0	0	0
Otu00628	0	0	1	0	0	0	0	0	0	0	0	4	0	12	1	3	0	0	0	0
Otu00631	1	0	0	0	0	0	0	0	0	0	1	0	0	0	0	1	0	0	0	0
Otu00640	0	0	0	0	0	0	0	0	0	0	0	0	0	18	0	0	0	0	0	0
Otu00641	0	0	0	0	0	0	0	0	0	0	0	0	0	4	0	19	0	0	0	0
Otu00642	0	0	0	0	0	0	0	0	5	0	0	0	0	0	0	0	0	3	0	0
Otu00644	0	0	0	0	0	0	0	18	0	3	0	0	0	0	0	0	0	0	0	0
Otu00653	27	0	0	0	0	0	0	0	0	0	0	0	0	0	0	0	0	0	0	0
Otu00656	0	0	0	0	0	0	8	0	0	0	0	0	0	0	0	0	0	0	0	0
Otu00660	0	0	0	0	0	0	0	0	0	0	0	36	0	0	0	0	0	0	0	0
Otu00664	0	0	0	3	0	0	0	0	0	0	0	0	0	0	0	0	0	0	0	0
Otu00665	0	0	0	0	0	0	0	0	0	0	0	0	8	114	0	0	0	0	0	0
Otu00669	8	0	0	0	0	0	0	0	7	1	0	0	0	0	0	0	0	0	0	0
Otu00675	0	0	0	0	0	0	0	0	0	0	0	9	0	0	0	1	0	0	0	0
Otu00677	0	0	0	0	0	0	0	0	0	0	0	0	0	0	0	0	0	0	0	15
Otu00678	0	0	0	0	0	0	0	0	0	0	0	0	0	82	0	0	0	0	0	0
Otu00680	0	0	0	0	0	0	0	1	0	68	0	0	0	0	0	0	0	0	0	0
Otu00686	0	0	0	0	0	0	0	0	1	3	0	0	0	0	0	0	0	0	0	0
Otu00689	0	0	0	0	0	0	0	0	0	0	0	2	0	0	0	0	0	0	0	3
Otu00691	0	0	19	0	40	7	0	0	0	0	0	0	0	0	0	0	0	0	0	0
Otu00695	2	0	0	0	0	1	0	0	0	0	0	0	0	0	0	0	3	2	3	0
Otu00699	0	0	0	0	0	0	0	0	0	0	0	0	0	0	2	3	0	0	0	0
Otu00702	0	0	0	0	1	0	0	1	2	2	0	1	0	5	0	0	0	0	0	1
Otu00708	0	0	0	0	0	1	0	0	2	0	0	0	0	0	0	20	0	0	0	0
Otu00709	0	1	0	0	0	0	0	0	0	0	0	0	0	0	0	18	0	0	0	0
Otu00712	0	0	0	0	4	0	0	0	0	0	0	0	0	0	0	0	0	0	0	0
Otu00718	0	0	0	0	12	0	0	0	0	0	0	0	0	0	0	0	0	0	0	0
Otu00721	0	5	0	0	0	0	0	0	0	0	0	0	0	0	0	0	0	0	0	0
Otu00723	2	0	2	0	0	0	0	0	0	0	0	1	0	0	0	0	0	0	0	0
Otu00729	0	0	0	0	0	1	0	0	0	0	0	0	0	0	0	0	3	2	4	0
Otu00733	2	0	0	1	0	1	0	0	0	1	0	0	2	0	0	1	0	0	0	1
Otu00748	0	0	0	0	0	2	0	0	0	0	0	0	0	0	0	0	0	1	0	0
Otu00759	0	0	0	0	92	0	0	0	0	0	0	0	6	0	0	0	0	0	0	0
Otu00760	0	0	0	0	0	0	0	7	0	5	0	0	39	0	0	0	0	0	0	0
Otu00762	1	0	0	0	1	0	0	0	0	0	0	1	0	0	0	1	0	0	0	0
Otu00767	0	0	0	0	0	0	0	0	0	0	45	0	0	43	0	0	0	0	0	0
Otu00769	0	0	0	0	0	0	0	0	1	14	0	0	0	0	0	0	0	0	0	0
Otu00774	0	0	0	0	0	0	0	0	0	0	0	0	0	0	0	0	0	0	0	4
Otu00777	1	0	0	0	0	0	3	0	0	0	0	1	0	0	0	0	0	0	0	0
Otu00781	7	0	0	0	0	0	0	0	4	0	0	0	0	0	0	0	0	0	1	0
Otu00783	2	0	0	0	0	1	0	0	0	0	0	0	0	0	0	0	0	1	1	0
Otu00792	0	0	0	0	0	0	0	3	0	0	0	0	0	0	0	0	0	0	0	0
Otu00797	0	0	1	0	2	0	0	0	0	0	0	0	0	0	1	0	0	0	0	0
Otu00798	0	0	0	3	0	0	0	0	0	0	0	0	0	0	0	0	0	0	0	0
Otu00799	0	0	0	0	0	0	0	0	0	0	0	0	1	3	0	0	0	0	0	0
Otu00800	0	0	0	0	0	0	0	0	0	5	0	0	0	0	0	0	0	0	0	0
Otu00807	0	0	0	0	0	0	0	0	0	0	0	0	0	72	0	0	0	0	0	0
Otu00809	0	0	4	0	4	0	4	0	0	0	3	0	0	0	0	0	0	0	0	0
Otu00814	0	0	0	0	0	0	0	0	0	0	0	0	0	0	0	0	0	0	20	0
Otu00815	1	0	0	0	0	0	0	0	3	2	0	0	0	1	0	1	0	0	0	1
Otu00820	2	0	0	0	0	0	0	0	1	0	0	1	1	0	1	0	0	0	0	0
Otu00823	0	0	0	0	0	0	0	0	0	9	0	0	0	0	0	0	0	0	0	0
Otu00833	0	0	0	0	0	0	0	0	4	0	0	0	0	0	0	0	0	0	0	0
Otu00843	0	0	0	0	0	0	0	0	0	0	0	0	0	0	0	0	4	2	0	0
Otu00849	0	0	0	0	0	0	0	0	0	0	0	0	1	0	0	0	0	0	0	4
Otu00850	0	0	0	0	0	0	0	0	0	0	0	0	0	0	0	0	0	0	4	12
Otu00856	0	0	0	0	0	0	0	0	0	0	0	0	0	0	0	0	0	14	0	0
Otu00859	0	0	2	0	2	0	3	0	0	0	0	0	0	0	1	0	0	0	0	0
Otu00864	7	0	0	2	5	1	0	0	0	0	0	1	1	0	0	3	0	0	0	0
Otu00875	0	0	0	0	0	0	0	0	0	0	0	0	0	6	0	0	0	0	0	0
Otu00881	0	0	0	0	0	0	0	61	0	0	0	0	0	0	0	0	0	0	0	0
Otu00885	0	0	0	0	0	0	0	0	0	0	0	0	6	0	0	0	0	0	0	0
Otu00887	0	1	1	0	0	0	0	3	2	2	0	0	0	0	0	0	0	0	0	0
Otu00890	0	0	0	0	0	0	0	0	0	4	0	0	0	0	0	0	0	0	0	0
Otu00892	0	0	4	0	0	0	0	0	0	0	0	0	0	6	0	27	0	0	0	0
Otu00893	0	0	0	0	0	0	0	0	0	0	0	0	0	0	20	0	0	0	0	0
Otu00898	0	0	0	1	1	0	1	0	0	0	2	0	0	0	0	0	0	0	0	0
Otu00899	0	1	0	0	0	0	0	0	0	0	0	3	0	0	0	0	0	0	0	0
Otu00901	0	0	0	0	5	1	2	0	0	0	1	0	0	0	0	0	0	0	0	0
Otu00906	0	0	0	0	0	0	0	0	0	0	0	9	0	0	0	0	0	0	0	0
Otu00909	0	0	0	0	0	0	0	0	0	0	3	0	0	0	0	0	0	0	0	0
Otu00911	0	0	0	0	0	0	0	0	0	0	0	0	0	0	0	9	0	1	0	0
Otu00919	0	0	0	0	0	0	0	0	0	0	0	0	0	0	0	0	0	0	0	19
Otu00923	0	0	0	0	0	0	0	0	8	0	0	0	0	0	0	0	0	1	2	0
Otu00927	0	0	1	0	0	0	0	0	0	0	0	0	0	0	8	0	0	0	0	0
Otu00930	5	0	0	0	0	0	0	0	0	0	0	0	0	0	0	0	0	0	0	0
Otu00932	0	0	0	0	0	0	0	0	0	0	0	0	0	0	0	0	0	0	0	15
Otu00936	0	0	0	0	0	0	0	0	14	0	0	3	0	0	0	0	0	0	0	0
Otu00946	0	0	0	0	0	0	0	0	15	0	0	0	0	0	0	0	0	0	0	0
Otu00949	0	0	0	0	0	0	0	0	0	0	1	3	1	3	0	0	0	0	0	0
Otu00953	0	0	0	0	0	0	49	0	0	0	0	0	0	0	0	0	0	0	0	0
Otu00959	0	0	0	0	0	0	0	0	0	0	0	0	0	0	0	0	4	1	0	0
Otu00963	0	5	0	2	1	2	0	0	0	0	0	0	3	0	0	0	0	0	0	0
Otu00966	3	0	0	0	0	0	0	0	0	0	0	1	0	2	0	1	0	0	0	0
Otu00970	6	0	0	0	2	0	0	0	0	0	0	0	3	0	0	2	0	0	0	0
Otu00971	0	2	0	1	0	1	0	0	0	0	0	0	1	0	1	0	0	0	0	0
Otu00974	0	0	0	0	0	0	0	0	0	0	0	20	0	0	0	0	0	0	0	0
Otu00982	0	0	29	0	0	0	0	0	0	0	0	0	0	0	0	0	0	0	0	0
Otu00986	0	0	0	0	0	0	0	0	0	0	0	2	0	0	0	3	0	0	0	0
Otu00987	0	0	0	0	0	0	0	0	0	0	0	0	48	0	0	0	0	0	0	0
Otu00996	0	0	0	0	0	0	0	0	0	0	0	0	0	0	15	0	0	0	0	0
Otu01006	0	0	0	0	4	0	0	0	0	0	0	0	0	0	0	1	0	0	0	0
Otu01009	0	0	0	0	0	0	0	0	0	0	0	14	0	0	0	0	0	0	0	0
Otu01011	0	0	3	1	1	0	4	0	0	0	0	0	0	0	1	0	0	0	0	0
Otu01012	0	0	0	0	0	1	0	0	0	0	0	0	0	0	0	10	0	0	0	0
Otu01015	0	0	0	0	0	0	0	0	0	0	0	3	0	0	0	0	0	0	0	0
Otu01016	0	0	0	0	0	0	0	3	0	0	0	0	0	0	0	0	0	0	0	0
Otu01033	0	0	4	0	0	0	2	0	0	0	2	0	0	0	0	0	0	0	0	0
Otu01039	0	0	0	0	0	0	0	0	0	0	7	0	0	0	0	0	0	0	0	0
Otu01054	1	0	0	0	0	0	0	0	0	1	0	1	1	0	0	0	0	0	0	0
Otu01062	0	0	0	0	0	0	0	0	0	0	0	0	0	0	0	0	5	0	0	0
Otu01063	0	0	3	0	1	0	1	0	0	0	1	0	0	0	0	0	0	0	0	0
Otu01066	0	0	0	0	0	0	5	0	0	0	0	0	0	0	0	0	0	0	0	0
Otu01085	0	0	0	0	0	0	0	0	0	1	0	2	0	0	0	0	0	0	0	0
Otu01087	0	0	0	0	0	0	0	0	0	0	35	0	0	0	0	1	0	0	0	0
Otu01089	0	0	0	3	0	0	0	0	0	2	0	0	0	0	0	0	0	0	0	0
Otu01090	0	0	0	0	0	0	0	0	0	5	0	0	0	0	0	0	0	0	0	0
Otu01091	0	0	0	0	0	0	0	0	0	0	42	0	0	0	0	0	0	0	0	0
Otu01092	0	0	0	0	0	0	0	0	0	0	0	0	1	0	2	0	0	0	0	0
Otu01107	0	3	0	0	0	0	0	0	0	0	0	0	0	0	0	0	0	0	0	0
Otu01112	0	0	0	0	0	0	0	0	0	0	0	0	0	0	0	0	0	6	0	0
Otu01122	0	0	0	0	0	0	0	0	0	0	0	0	3	0	0	0	0	0	0	0
Otu01126	0	0	0	0	0	0	0	0	0	0	0	14	0	0	0	0	0	0	0	0
Otu01132	0	0	0	0	0	0	0	0	0	0	0	0	0	0	0	0	0	0	0	6
Otu01138	0	0	0	1	0	0	0	0	0	0	0	0	0	9	0	0	0	0	0	0
Otu01140	0	0	0	0	0	0	0	1	13	0	0	0	0	1	0	0	0	0	2	0
Otu01141	0	0	0	0	0	0	0	0	0	0	0	0	0	0	0	5	0	0	0	0
Otu01142	0	0	0	0	0	0	3	0	0	0	0	0	0	0	0	0	0	0	0	0
Otu01145	0	0	0	0	0	0	0	0	0	35	0	0	0	0	0	0	0	0	0	0
Otu01146	0	0	0	0	0	0	0	0	0	0	0	0	0	0	0	0	0	0	0	34
Otu01147	1	0	0	0	0	0	0	0	0	0	0	1	0	5	0	1	0	0	0	0
Otu01149	0	0	0	0	0	0	0	0	0	0	0	0	0	0	0	0	0	0	0	24
Otu01152	2	0	0	0	0	0	0	0	0	0	0	0	0	0	6	0	0	0	0	0
Otu01153	0	0	0	0	0	1	0	0	0	0	0	0	0	0	0	0	2	0	0	0
Otu01166	0	0	0	0	0	0	0	0	0	0	0	0	0	3	0	0	0	0	0	0
Otu01178	0	0	0	0	6	0	0	0	0	0	0	0	0	0	0	0	0	0	0	0
Otu01190	9	0	0	0	0	0	0	0	0	0	0	0	0	0	0	0	0	0	0	0
Otu01193	0	0	0	0	0	21	0	0	0	0	0	0	0	0	0	0	0	0	0	0
Otu01213	0	0	0	0	0	0	0	0	0	0	0	0	1	2	1	0	0	0	0	0
Otu01217	0	0	2	1	1	0	0	0	0	0	2	0	0	0	0	0	0	0	0	0
Otu01219	0	0	0	0	1	0	0	0	0	0	0	0	2	0	2	0	0	0	0	0
Otu01238	0	0	0	0	0	0	0	0	0	0	0	0	0	0	0	0	0	0	0	39
Otu01246	0	0	0	1	0	0	0	0	0	0	0	3	0	0	0	0	0	0	0	0
Otu01247	0	0	0	0	0	0	0	0	0	0	0	0	0	0	0	0	0	0	0	4
Otu01255	0	0	0	0	0	0	0	0	0	0	0	6	0	0	0	0	0	0	0	0
Otu01257	0	0	0	0	0	0	0	0	5	0	0	0	0	0	0	0	0	0	0	0
Otu01264	0	0	0	0	0	0	0	0	0	0	0	0	0	0	19	12	0	0	0	0
Otu01266	1	1	0	0	0	0	0	2	1	0	0	1	0	0	0	0	0	0	0	0
Otu01280	0	0	0	0	0	0	0	0	0	0	0	0	0	0	0	15	0	0	0	0
Otu01284	0	0	0	0	0	0	0	0	3	0	0	0	0	0	0	0	0	0	0	0
Otu01291	0	0	0	0	0	0	0	0	0	0	0	0	0	0	0	13	0	0	0	0
Otu01300	0	0	0	0	0	0	0	0	0	0	31	0	0	0	0	0	0	0	0	0
Otu01301	1	0	0	1	0	0	0	0	0	0	0	0	0	0	0	5	0	0	0	1
Otu01307	0	0	0	0	0	0	0	0	0	0	0	0	0	0	0	0	0	0	0	4
Otu01317	0	0	0	0	0	0	0	0	0	10	0	0	0	0	0	0	0	0	0	0
Otu01328	0	0	0	0	0	0	0	0	0	0	0	0	0	0	0	0	1	2	0	0
Otu01346	0	0	0	0	0	0	0	3	0	0	0	0	0	0	0	0	0	0	0	0
Otu01351	0	0	0	0	0	0	0	0	0	0	0	23	0	0	0	0	0	0	0	0
Otu01356	0	0	0	2	1	2	0	0	0	0	0	0	1	0	2	0	0	0	0	0
Otu01360	0	0	0	0	0	0	0	0	0	0	0	0	0	0	6	0	0	0	0	0
Otu01361	7	0	0	0	0	0	0	0	0	0	0	0	0	0	0	0	0	0	0	0
Otu01363	0	0	0	0	0	0	0	0	0	0	0	29	0	0	0	0	0	0	0	0
Otu01364	0	0	0	0	0	0	0	0	0	0	0	0	0	4	0	3	0	0	0	0
Otu01377	0	0	0	0	0	0	0	0	0	0	0	5	1	0	0	1	0	0	0	0
Otu01385	0	0	0	0	0	0	0	0	0	0	30	0	0	0	0	0	0	0	0	0
Otu01387	0	0	0	0	0	0	0	0	0	0	0	0	9	0	0	0	0	0	0	0
Otu01390	0	0	0	0	0	0	0	0	0	0	6	0	0	0	0	0	0	0	0	0
Otu01402	0	0	0	5	0	0	0	0	0	0	0	0	0	0	0	0	0	0	0	0
Otu01403	0	0	0	0	0	1	0	0	0	0	0	3	0	0	0	0	1	2	0	0
Otu01404	0	0	0	0	0	0	0	0	0	0	0	0	0	0	0	9	0	0	0	0
Otu01410	0	0	0	0	0	0	0	0	0	0	0	0	0	0	0	9	0	0	0	0
Otu01419	17	3	0	0	0	0	0	0	0	0	0	0	0	0	0	0	0	0	0	0
Otu01424	0	0	0	0	0	0	0	0	0	23	0	0	0	0	0	0	0	0	0	0
Otu01449	0	0	0	0	0	0	0	0	2	1	0	0	0	0	0	0	0	0	0	0
Otu01451	0	0	0	0	0	0	0	0	0	0	0	0	4	0	0	0	0	0	0	0
Otu01453	0	0	0	0	0	0	0	0	0	0	0	2	0	3	0	0	0	0	0	0
Otu01463	0	0	0	0	0	0	0	0	0	0	0	0	5	0	0	0	0	0	0	0
Otu01469	0	0	0	7	0	0	0	0	0	0	0	0	0	0	0	0	0	0	0	0
Otu01473	0	0	0	0	0	0	0	0	0	0	0	0	0	0	0	0	0	3	0	0
Otu01475	0	0	0	0	0	0	5	0	0	0	0	0	0	0	0	0	0	0	0	0
Otu01478	0	0	0	0	0	0	0	0	0	0	0	3	0	0	0	0	0	0	0	0
Otu01490	0	0	0	0	0	0	0	0	0	0	0	0	0	0	0	0	0	0	0	13
Otu01505	0	0	0	0	0	0	0	0	0	0	0	0	0	0	5	0	0	0	0	0
Otu01515	19	0	0	0	0	0	0	0	0	0	0	0	0	0	0	0	0	0	0	0
Otu01517	1	1	0	0	1	0	0	0	0	1	0	0	0	0	0	0	0	0	0	0
Otu01522	0	0	0	1	0	1	0	0	0	0	0	1	0	0	4	0	0	0	0	0
Otu01526	0	0	0	0	0	0	0	0	0	0	0	0	1	0	14	0	0	0	0	0
Otu01534	0	0	0	0	0	0	0	0	0	0	17	0	0	0	0	0	0	0	0	0
Otu01536	0	0	0	0	2	0	0	0	0	0	0	0	0	0	1	3	0	0	0	0
Otu01549	0	0	0	0	0	0	0	0	0	0	0	5	0	0	0	0	0	0	0	0
Otu01575	0	0	0	0	0	0	0	0	0	0	0	0	0	0	0	24	0	0	0	0
Otu01576	0	0	0	0	0	0	0	0	0	0	0	0	0	0	0	24	0	0	0	1
Otu01577	0	0	0	0	0	0	0	0	0	0	0	0	1	0	0	2	0	0	0	0
Otu01586	0	0	0	0	0	0	0	0	0	0	1	2	0	0	0	1	0	0	0	0
Otu01588	0	0	0	0	0	0	0	0	0	0	0	0	0	0	0	25	0	0	0	0
Otu01624	0	0	0	0	0	0	0	11	0	0	0	0	0	0	0	0	0	0	0	0
Otu01654	0	0	1	0	0	0	0	0	0	0	0	0	0	0	0	3	0	0	0	0
Otu01665	0	0	0	0	0	0	0	0	0	21	0	0	0	0	0	0	0	0	0	0
Otu01686	0	0	0	0	0	0	0	0	0	0	0	4	0	0	0	0	0	0	0	0
Otu01692	1	0	0	0	0	0	0	0	0	0	0	1	0	1	0	1	0	0	0	0
Otu01705	0	0	0	0	0	0	0	0	0	5	0	0	0	0	0	0	0	0	0	0
Otu01708	0	0	0	0	0	0	0	0	0	0	0	0	0	0	0	0	0	0	0	18
Otu01709	0	0	0	0	0	0	0	0	0	19	0	0	0	0	0	0	0	0	0	0
Otu01715	0	0	0	0	1	0	0	0	0	0	0	0	0	3	0	0	0	0	0	0
Otu01735	0	0	1	0	0	0	0	0	0	0	0	1	0	0	0	0	0	0	0	1
Otu01748	0	0	0	0	0	0	0	0	0	0	0	0	0	0	4	0	0	0	0	0
Otu01754	0	0	0	0	0	0	0	0	0	0	0	0	0	0	0	0	0	3	0	2
Otu01761	0	0	0	0	0	12	0	0	0	0	0	0	1	0	0	0	0	0	0	0
Otu01763	2	0	0	0	0	0	0	0	0	0	0	0	1	0	0	0	0	0	0	0
Otu01786	0	0	0	0	3	0	0	0	0	0	0	0	0	0	0	0	0	0	0	0
Otu01800	1	0	0	0	1	0	0	0	0	0	0	0	0	0	0	3	0	0	0	0
Otu01801	0	0	0	1	1	0	0	0	0	0	0	0	1	0	0	0	0	0	0	0
Otu01809	0	0	0	0	0	0	0	0	0	0	15	0	0	0	0	0	0	0	0	0
Otu01810	0	0	0	1	0	0	0	0	0	0	0	0	0	0	1	0	0	0	0	1
Otu01813	0	0	0	0	0	0	0	0	0	0	0	0	0	0	0	0	19	0	0	0
Otu01827	0	0	0	0	0	0	0	0	0	0	0	0	18	0	0	0	0	0	0	0
Otu01841	0	0	1	1	0	0	0	0	0	0	0	0	0	0	1	0	0	0	0	0
Otu01862	0	0	0	0	0	0	0	0	9	0	0	0	0	0	0	0	0	0	0	0
Otu01872	0	0	0	0	0	0	18	0	0	0	0	0	0	0	0	0	0	0	0	0
Otu01873	0	0	0	0	0	0	0	0	0	0	0	0	0	0	5	0	0	0	0	0
Otu01884	0	0	0	3	0	0	0	0	0	0	0	0	0	0	0	0	0	0	0	0
Otu01893	6	0	0	0	0	0	0	0	0	0	0	0	0	0	0	0	0	0	0	0
Otu01900	0	0	0	0	0	0	0	0	0	10	0	0	0	0	0	0	0	0	0	0
Otu01976	0	0	0	0	0	0	0	0	0	0	0	1	0	5	0	0	0	0	0	0
Otu01990	0	0	0	0	0	0	0	0	0	0	0	0	0	0	0	16	0	0	0	0
Otu02041	0	0	0	0	0	1	0	0	0	0	0	3	0	0	2	0	0	0	0	0
Otu02100	0	0	0	0	0	0	0	0	0	0	14	0	0	0	0	0	0	0	0	0
Otu02102	0	0	0	0	0	0	0	0	0	0	0	0	0	10	0	0	0	0	0	0
Otu02121	2	0	0	0	0	0	0	0	1	0	0	1	1	0	0	0	0	0	0	0
Otu02152	0	0	0	0	0	0	0	0	0	0	0	0	0	0	6	0	0	0	0	0
Otu02161	0	0	0	0	0	0	0	2	2	1	0	0	0	0	0	0	0	0	0	0
Otu02168	0	0	0	0	0	0	0	0	0	0	0	0	0	4	0	0	0	0	0	0
Otu02175	0	0	0	1	0	0	0	0	0	0	1	1	0	0	0	0	0	0	0	0
Otu02190	0	0	0	0	0	0	0	0	0	0	0	0	0	0	12	0	0	0	0	0
Otu02191	0	0	0	0	0	0	0	0	0	0	0	0	0	0	0	13	0	0	0	0
Otu02199	0	0	13	0	0	0	0	0	0	0	0	0	0	0	0	0	0	0	0	0
Otu02221	0	0	11	0	0	0	0	0	0	0	0	0	0	0	0	0	0	0	0	0
Otu02225	0	0	0	0	0	0	0	0	0	0	0	0	0	3	0	0	0	0	0	0
Otu02228	0	0	0	0	0	0	0	0	0	0	4	0	0	0	0	0	0	0	0	0
Otu02259	0	0	0	0	0	0	0	0	0	0	0	0	0	0	0	3	0	0	0	0
Otu02260	0	0	0	12	0	0	0	0	0	0	0	0	0	0	0	0	0	0	0	0
Otu02267	0	1	0	0	0	0	0	0	0	0	0	0	3	0	0	0	0	0	0	0
Otu02272	0	0	0	0	0	0	0	10	0	0	0	0	0	0	0	0	0	0	0	0
Otu02281	0	0	0	0	0	0	0	0	0	0	0	0	0	0	0	7	0	0	0	0
Otu02300	0	0	0	0	0	0	0	0	11	0	0	0	0	0	0	0	0	0	0	0
Otu02317	0	0	0	0	0	0	0	0	0	0	0	0	0	0	0	0	0	0	0	11
Otu02345	0	0	0	0	0	0	0	0	0	0	0	0	11	0	0	0	0	0	0	0
Otu02347	4	0	0	0	0	0	0	0	0	0	0	0	0	0	0	0	0	0	0	0
Otu02359	0	0	0	0	0	0	0	0	0	0	0	3	0	0	0	0	0	0	0	0
Otu02409	0	0	0	0	0	0	0	0	0	0	8	0	0	0	0	0	0	0	0	0
Otu02425	0	0	0	0	0	0	0	0	0	0	0	0	0	0	0	0	0	0	0	10
Otu02427	0	0	0	0	0	0	0	0	0	0	0	0	0	0	0	0	0	9	0	0
Otu02459	0	0	0	0	0	0	0	0	10	0	0	0	0	0	0	0	0	0	0	0
Otu02460	0	0	0	0	0	0	0	0	0	0	0	0	0	0	0	0	0	0	0	6
Otu02483	0	0	0	0	0	0	0	0	0	0	0	7	0	0	0	0	0	0	0	0
Otu02512	0	0	0	0	0	0	0	0	0	0	0	0	0	0	0	9	0	0	0	0
Otu02520	0	0	0	0	0	0	0	0	0	0	0	0	0	8	0	0	0	0	0	0
Otu02593	9	0	0	0	0	0	0	0	0	0	0	0	0	0	0	0	0	0	0	0
Otu02655	0	0	0	0	0	8	0	0	0	0	0	0	0	0	0	0	0	0	0	0
Otu02664	0	0	0	1	0	0	0	0	0	0	0	3	0	0	0	0	0	0	0	0
Otu02674	0	0	0	0	0	4	0	0	0	0	0	0	0	0	0	0	0	0	0	0
Otu02725	0	0	0	0	0	0	0	0	0	0	0	0	2	1	0	0	0	0	0	0
Otu02745	0	0	0	0	0	0	0	0	0	0	0	0	0	0	0	0	0	5	0	0
Otu02747	0	0	0	0	0	2	0	0	0	0	0	0	0	0	1	0	0	0	0	0
Otu02775	0	0	0	0	0	0	0	0	0	0	0	0	0	8	0	0	0	0	0	0
Otu02776	0	0	0	0	0	0	0	0	4	0	0	0	0	0	0	0	0	0	0	0
Otu02781	0	0	0	0	0	0	0	0	0	0	0	0	0	0	0	8	0	0	0	0
Otu02783	0	0	0	0	0	0	0	0	0	0	0	0	0	0	0	0	0	5	0	0
Otu02805	0	0	0	0	0	0	0	0	0	0	0	7	0	0	0	0	0	0	0	0
Otu02847	0	0	0	0	0	0	0	4	0	0	0	0	0	0	0	0	0	0	0	0
Otu02883	0	0	0	0	0	0	0	0	2	1	0	0	0	0	0	0	0	0	0	0
Otu02904	0	0	0	0	0	0	0	4	0	0	0	0	0	0	0	0	0	0	0	0
Otu02916	0	0	0	0	0	0	0	0	0	0	0	0	4	0	0	0	0	0	0	0
Otu02948	0	0	0	0	0	0	0	0	0	0	0	0	0	0	0	0	0	4	0	0
Otu02971	0	0	0	0	0	0	0	4	0	0	0	0	0	0	0	0	0	0	0	0
Otu03180	0	0	0	0	0	0	0	0	0	6	0	0	0	0	0	0	0	0	0	0
Otu03216	0	0	0	0	0	0	0	0	0	0	0	0	0	0	3	0	0	0	0	0
Otu03218	0	0	0	0	0	0	0	0	0	0	0	0	0	0	0	5	0	0	0	0
Otu03265	0	0	1	0	0	0	1	0	0	0	1	0	0	0	0	0	0	0	0	0
Otu03292	0	0	0	0	0	0	5	0	0	0	0	0	0	0	0	0	0	0	0	0
Otu03354	0	0	0	0	0	0	0	0	0	0	0	3	0	0	0	0	0	0	0	0
Otu03484	0	0	0	0	0	0	0	0	0	0	0	0	0	0	4	0	0	0	0	0
Otu03570	0	0	0	0	0	0	0	0	0	0	0	0	0	0	0	4	0	0	0	0
Otu03656	0	0	4	0	0	0	0	0	0	0	0	0	0	0	0	0	0	0	0	0
Otu03781	0	0	2	0	0	0	1	0	0	0	0	0	0	0	0	0	0	0	0	0
Otu03878	0	0	0	0	0	0	0	0	0	0	0	3	0	0	0	0	0	0	0	0
Otu03905	0	0	0	0	0	0	0	0	0	0	3	0	0	0	0	0	0	0	0	0
Otu03935	0	0	0	0	0	0	0	0	0	0	3	0	0	0	0	0	0	0	0	0
Otu03950	0	0	0	0	0	0	0	0	0	0	3	0	0	0	0	0	0	0	0	0
Otu03972	0	0	1	0	0	0	0	0	0	0	0	0	0	2	0	0	0	0	0	0
Otu04099	0	0	0	0	0	0	0	0	0	3	0	0	0	0	0	0	0	0	0	0
Otu04116	0	0	0	0	0	0	0	3	0	0	0	0	0	0	0	0	0	0	0	0
Otu04163	0	0	0	0	0	0	0	0	0	0	0	3	0	0	0	0	0	0	0	0
Otu04318	0	0	0	0	0	0	0	0	0	0	0	0	0	0	0	0	3	0	0	0
Otu04325	0	0	0	0	0	0	0	0	0	0	0	0	0	3	0	0	0	0	0	0
Otu04406	0	0	0	0	0	0	0	0	0	3	0	0	0	0	0	0	0	0	0	0
Otu04436	0	0	0	0	0	0	0	0	0	0	0	0	3	0	0	0	0	0	0	0
