OTU_id	F14RootFungi.2p.A5	F14RootFungi.2p.B4	F14RootFungi.2p.C3	F14RootFungi.2p.C5	F14RootFungi.2p.D2	F14RootFungi.H7	F14RootFungi.G3	F14Group.Root123	F14RootFungi.G9	F14RootFungi.H2	F15RootFungi.2p.D4	F15RootFungi.H9	F15RootFungi.2p.A5	F15RootFungi.2p.B4	F15RootFungi.H12	F15RootFungi.H7	F15RootFungi.F11	F15RootFungi.G4	F15RootFungi.G9	F15RootFungi.H2
Otu00001	2504	2	5	4	3	7	13	2	6	2	11	1009	5	14	8	15	42	16	17	8
Otu00002	3669	20	3042	1334	307	12	5	5	3	2	277	2508	5526	19	8	11	13	2	14	226
Otu00003	11	2276	1324	4162	4847	3396	4	5	2	1	2	7	231	3509	54	9	6	2	15	5
Otu00004	0	0	0	1	2	21	0	0	0	0	704	0	0	1	1277	0	0	0	0	0
Otu00005	120	384	49	176	8	29	522	21	367	292	24	0	1	118	0	0	45	0	2	42
Otu00006	94	106	36	201	8	33	139	1	58	27	0	0	8	0	0	106	0	0	0	0
Otu00007	9	374	20	3	68	148	26	30	101	152	461	34	25	62	438	205	113	30	3	105
Otu00008	2	24	2	0	0	0	1	0	0	1	1	0	3	24	23	1	245	1	7	161
Otu00009	3	45	21	6	7	0	6	0	3	10	5	254	8	169	306	5	54	52	66	264
Otu00010	0	0	37	0	0	0	1	0	8	0	0	0	0	0	10	0	0	0	0	0
Otu00011	2	1	1	2	0	1	5082	1544	3374	0	0	0	0	0	0	0	0	0	0	500
Otu00012	0	4	1	0	0	0	91	263	33	34	1	4	1	0	1	4	880	242	1745	191
Otu00013	1	1014	622	119	240	2303	1	3559	1	34	116	0	3	1478	2	43	466	1	0	1127
Otu00014	26	22	0	6	13	0	0	9	0	0	0	0	0	0	37	0	0	0	0	0
Otu00015	1	2	4	3	13	3	1	2	3	4	0	0	1	1	0	9	2	5	8	1
Otu00016	69	313	0	0	36	9	0	2	8	463	1	1	0	32	17	1	135	493	7	2670
Otu00017	17	10	0	6	0	0	0	0	0	0	14	18	4	2	188	2	24	3	2	0
Otu00018	1	0	0	0	1	1	0	0	0	14	0	1171	1	0	411	695	51	5	0	0
Otu00019	0	0	20	0	0	0	7	0	0	33	0	0	3	0	0	0	0	0	0	92
Otu00020	10	123	4	4	14	11	12	0	0	0	20	0	8	58	30	48	1	0	0	19
Otu00021	2	0	2	2	1	0	0	1	0	0	3	1	2	4	2	0	3	1	1	3
Otu00022	0	26	0	3	4	11	0	0	0	4	82	37	2	41	94	309	0	27	0	29
Otu00023	14	5	9	4	2	45	3	10	0	0	3	2	10	58	31	25	23	3	3130	24
Otu00024	0	26	1	0	0	0	0	0	0	2	0	15	2	0	0	1	2	3	648	0
Otu00025	0	107	6	5	0	14	79	26	8	63	21	34	8	73	237	728	33	6	1	36
Otu00026	0	0	0	0	7	0	0	0	0	0	0	0	0	0	0	0	0	0	0	0
Otu00027	0	0	0	0	0	0	0	0	0	18	0	8	32	0	0	1	0	12	0	28
Otu00028	17	0	0	0	0	0	0	0	8	1	0	0	5	0	6	0	0	0	0	9
Otu00029	0	0	156	66	0	0	0	96	28	199	1	29	49	176	3	95	1081	30	2	316
Otu00030	6	0	9	0	0	0	0	0	0	1	0	11	2	0	2	0	11	0	0	4
Otu00031	0	0	0	0	5	0	3	0	0	63	2119	97	5	16	174	1469	0	0	1	0
Otu00032	1	0	0	0	0	0	0	0	1	0	3	0	1	3	2	0	1	1	7	0
Otu00033	0	12	7	17	0	1	473	0	6	43	0	0	0	3	0	0	0	0	0	0
Otu00034	0	0	3	0	0	0	0	1	0	0	14	15	6	1	70	1	15	0	0	0
Otu00035	0	0	0	0	0	0	2	0	0	0	0	0	2	0	13	0	0	2	0	9
Otu00036	0	0	0	0	0	0	0	0	0	0	146	0	1	1	1	1	1	0	3	0
Otu00038	0	0	0	0	0	0	0	0	1	0	0	1	0	2	1	0	50	0	0	0
Otu00039	1	0	1	0	3	0	0	0	0	0	0	0	0	0	0	0	0	0	0	0
Otu00040	0	0	0	0	0	0	0	0	0	0	1	1	1	0	0	0	0	4927	2	1
Otu00043	0	0	1	0	0	0	0	0	1	0	1	0	0	0	0	0	0	0	2	0
Otu00044	0	15	1	0	40	0	0	0	0	0	6	16	0	25	0	1	8	0	0	3
Otu00045	0	0	0	0	0	0	0	0	0	0	0	0	0	0	0	0	11	0	0	0
Otu00046	0	0	0	0	0	0	0	0	0	0	0	0	0	2	0	0	256	0	2	0
Otu00047	0	0	0	0	0	0	0	0	7	0	0	0	0	0	0	2	0	4	0	8
Otu00048	0	0	0	0	4	0	0	0	0	0	342	101	0	0	0	0	0	0	0	0
Otu00049	0	3	1	0	0	0	0	2	0	0	0	0	1	2	0	0	0	1	0	0
Otu00050	1	3	0	4	2	1	1	0	1	0	0	1	1	6	2	0	4	1	0	1
Otu00051	0	7	25	0	3	4	0	0	0	0	0	0	0	0	0	68	0	0	0	0
Otu00053	15	61	105	1	8	32	0	0	0	0	0	0	6	2	13	0	0	0	2	0
Otu00054	0	0	0	1	0	0	0	0	0	0	0	31	0	0	0	0	0	0	8	0
Otu00055	1	0	1	0	0	0	0	0	84	11	0	0	1	0	36	0	108	0	11	2
Otu00056	0	0	0	0	0	0	0	0	0	1134	0	0	0	0	0	0	0	0	0	0
Otu00057	0	0	2	0	0	0	0	0	0	1	0	0	0	0	0	0	0	0	0	0
Otu00061	0	0	0	0	77	0	0	0	1447	0	0	0	0	0	0	0	0	0	0	0
Otu00063	0	0	0	0	0	0	3	22	0	331	1	0	0	2	0	0	71	5	0	19
Otu00064	0	19	0	0	0	0	0	0	0	0	0	0	5	20	632	80	37	0	0	0
Otu00065	0	0	0	0	0	0	0	0	0	27	0	0	0	0	0	0	0	0	0	0
Otu00067	0	284	0	0	1	0	0	0	0	0	0	16	0	57	0	0	15	2	0	0
Otu00068	0	0	0	0	0	0	0	0	0	1025	1	0	0	0	0	1	0	0	2	1
Otu00069	0	0	0	1	0	0	0	0	0	0	0	0	0	0	0	0	11	0	0	0
Otu00070	0	0	0	0	0	0	0	0	0	0	0	0	18	1	715	0	0	0	0	0
Otu00072	0	0	1	0	0	0	4	0	0	0	0	0	0	0	1	0	0	0	0	0
Otu00073	0	0	0	0	0	0	0	0	0	0	0	0	2	1	0	1	0	0	0	0
Otu00075	0	1	0	0	2	0	0	42	0	91	25	2	1	18	77	88	20	1	4	0
Otu00076	0	0	6	4	0	0	0	0	0	2	0	8	0	0	0	0	0	0	0	0
Otu00077	0	8	2	0	0	4	0	0	0	0	0	0	0	0	12	148	0	0	0	0
Otu00078	0	0	0	0	0	0	0	0	0	1	340	1	0	1	1	7	0	0	0	0
Otu00079	0	0	0	0	0	0	0	0	0	0	0	0	0	0	0	0	75	0	1	10
Otu00080	0	3	3	0	0	0	0	0	0	0	1	1	0	0	0	0	0	0	0	0
Otu00082	0	13	0	0	0	1	0	1	0	35	0	0	0	0	29	0	1	0	0	0
Otu00084	0	0	9	6	0	0	0	0	4	0	0	30	0	2	5	32	7	0	1	99
Otu00085	0	0	0	0	0	0	6	0	8	0	0	0	0	0	0	0	0	0	0	6
Otu00086	1	0	10	70	331	0	0	0	0	0	445	0	1	0	0	0	0	0	0	0
Otu00087	0	1	0	0	0	0	0	0	0	1161	0	0	0	0	0	0	0	0	0	0
Otu00088	0	0	0	0	0	0	0	0	2	31	0	0	5	25	0	0	0	0	0	0
Otu00089	0	0	0	0	0	3	0	0	0	0	221	0	1	12	0	0	221	0	0	41
Otu00090	0	0	0	0	0	1	0	4	0	26	2	0	0	0	0	0	34	0	0	9
Otu00092	0	1	1	1	0	16	0	0	0	22	0	0	0	0	0	28	0	0	0	0
Otu00094	3	1	3	9	0	0	0	0	0	0	0	0	147	0	0	129	0	5	0	0
Otu00095	0	0	0	0	0	0	0	0	0	0	132	10	0	0	469	0	1	0	0	0
Otu00096	0	0	0	0	0	0	0	0	0	0	25	562	0	0	0	260	0	0	0	0
Otu00097	0	12	0	6	0	0	0	0	0	3	4	7	0	0	3	11	0	2	0	1
Otu00099	0	0	0	0	0	0	0	0	0	0	0	1	0	0	0	0	0	0	2	0
Otu00102	0	0	0	0	0	0	0	18	0	1	0	0	0	0	23	0	0	0	0	0
Otu00103	0	0	42	0	0	0	0	0	2	0	0	0	0	0	0	0	0	10	37	0
Otu00104	0	0	0	0	0	0	0	0	0	0	0	0	0	0	0	0	30	0	0	0
Otu00105	0	0	59	0	0	0	0	0	0	0	0	0	0	0	0	0	0	0	0	0
Otu00106	0	0	1	0	12	0	0	0	0	0	0	0	0	88	0	0	0	0	0	0
Otu00108	0	0	0	0	0	0	0	0	0	0	0	0	0	0	0	0	352	0	0	0
Otu00109	0	0	0	0	0	0	0	0	0	0	0	0	0	1	1	0	129	34	1	0
Otu00110	0	0	0	0	2	0	0	10	1	1	0	0	1	0	20	0	28	337	667	3
Otu00111	0	0	0	0	0	0	0	0	0	0	0	0	0	0	0	2	0	1	2	0
Otu00112	0	0	0	0	0	0	0	0	0	0	0	0	0	0	86	0	0	0	0	0
Otu00115	1	0	34	2	69	0	0	0	0	0	7	4	7	224	1	59	0	0	0	0
Otu00117	0	0	1	0	0	92	0	88	0	0	0	0	0	0	0	0	73	0	0	79
Otu00119	8	0	53	9	3	0	0	0	0	0	5	7	42	0	0	0	0	0	1	0
Otu00122	0	0	0	0	0	0	0	8	1	0	0	0	0	0	0	0	0	0	0	0
Otu00124	0	0	0	0	0	0	0	0	586	0	0	0	0	0	0	0	0	0	0	0
Otu00125	0	0	0	0	0	0	0	0	0	15	0	0	0	0	0	0	0	0	0	0
Otu00126	0	0	0	0	0	0	0	0	0	0	0	0	0	0	29	0	0	0	0	11
Otu00127	0	274	10	0	47	0	0	0	0	0	0	0	0	0	0	0	6	0	0	0
Otu00128	0	0	1	0	0	0	0	0	1	0	0	0	0	1	0	1	1	0	0	0
Otu00129	0	0	0	0	0	0	0	0	0	0	1	1	1	0	0	0	0	1	0	1
Otu00130	0	0	0	0	0	0	0	0	0	0	0	6	0	0	0	667	1	0	0	0
Otu00131	0	0	0	0	0	2	0	0	0	0	0	0	0	0	12	0	0	0	0	0
Otu00132	4	3	0	0	0	0	0	0	0	0	0	2	0	0	0	0	0	0	1	1
Otu00134	0	0	0	0	0	0	0	0	0	4	0	0	0	0	0	0	0	0	0	0
Otu00136	0	0	0	0	0	0	0	0	0	0	69	0	0	0	0	0	0	0	0	0
Otu00137	0	1	9	0	0	1	0	0	0	1	0	0	1	1	1	0	2	0	25	0
Otu00138	0	74	0	0	0	68	0	0	0	0	0	0	0	0	0	0	44	0	0	0
Otu00139	0	0	0	0	1	1	0	0	0	0	0	0	0	0	0	0	0	1	0	0
Otu00140	0	23	0	1	0	0	0	0	0	0	0	0	0	0	10	0	0	0	2	0
Otu00141	0	0	0	0	0	0	0	0	0	7	0	0	0	0	0	0	0	0	0	0
Otu00142	0	0	25	0	0	0	0	0	0	0	0	0	0	0	0	0	0	0	0	0
Otu00143	0	16	0	0	0	0	0	0	0	0	17	0	1	0	19	7	0	0	0	0
Otu00144	0	0	0	0	0	0	0	0	0	0	0	0	0	0	160	0	0	0	0	9
Otu00145	0	0	0	0	0	0	0	0	0	0	0	1	0	1	1	0	0	0	0	0
Otu00146	0	6	1	0	1	3	1	9	11	0	0	0	0	32	1	1	2	0	0	0
Otu00148	0	7	0	0	0	0	0	0	0	0	0	0	0	0	0	0	0	0	0	0
Otu00149	4	0	352	0	0	7	0	0	0	0	0	0	7	1	0	0	0	0	0	0
Otu00151	0	0	0	0	0	0	2	0	11	0	0	0	0	0	0	0	0	0	0	0
Otu00153	0	0	0	0	0	0	0	1	0	11	0	29	0	0	0	0	0	0	0	102
Otu00154	6	0	0	1	0	0	0	1	0	0	0	0	0	0	0	0	0	0	0	1
Otu00155	0	0	0	0	0	0	0	7	0	8	0	0	0	0	0	0	0	6	0	0
Otu00156	9	0	0	0	13	0	0	0	17	0	1	0	0	0	0	0	13	0	0	0
Otu00157	0	0	0	0	0	0	0	0	0	0	0	0	0	0	0	0	192	13	1	0
Otu00160	0	0	0	0	0	0	0	0	0	2	0	0	0	1	0	0	0	0	1	0
Otu00161	0	0	0	0	0	0	0	0	0	0	0	1	0	0	1	0	2	1	0	5
Otu00162	0	0	0	0	0	0	0	0	0	0	0	11	0	0	0	0	0	0	0	0
Otu00164	0	0	0	0	0	0	0	0	16	1	0	13	0	0	30	0	0	0	0	0
Otu00166	0	0	0	0	0	0	0	0	0	0	1	1	0	0	0	0	0	1	0	0
Otu00167	0	0	0	0	0	0	0	0	0	0	0	0	0	0	0	0	53	4	0	0
Otu00168	0	0	0	0	13	0	0	0	0	0	34	10	0	1	7	74	0	0	0	3
Otu00170	0	0	0	0	3	0	0	0	0	0	0	0	5	0	0	0	0	0	0	0
Otu00173	0	90	9	0	0	223	0	0	0	0	0	0	0	0	0	0	0	0	0	0
Otu00174	0	56	0	0	0	0	0	0	0	0	0	1	0	0	107	0	0	0	0	1
Otu00176	0	26	0	3	0	0	1	0	130	0	0	0	0	0	2	0	0	0	0	13
Otu00177	0	0	0	0	0	0	0	0	6	4	0	0	0	0	0	0	0	0	0	0
Otu00179	0	0	0	0	0	0	0	0	3	0	0	0	4	0	0	0	0	0	0	0
Otu00182	0	0	0	0	0	0	0	0	0	0	0	0	0	0	0	0	0	14	0	0
Otu00184	1	0	0	0	0	0	0	0	0	0	0	0	333	0	0	0	0	0	0	0
Otu00189	0	0	0	0	12	0	0	0	16	0	0	0	0	0	0	0	2	0	1	0
Otu00190	0	0	0	0	0	0	0	0	0	0	0	0	1	4	19	0	0	0	0	0
Otu00192	0	0	0	0	0	0	0	0	0	0	15	1	0	0	23	0	0	0	0	0
Otu00197	0	0	0	0	0	0	1	42	0	871	0	0	0	0	0	0	0	0	0	0
Otu00198	0	0	0	0	0	0	0	0	0	0	0	0	0	0	0	0	29	0	0	0
Otu00199	0	0	0	0	0	0	3	0	1	0	0	0	0	0	0	0	0	0	2	0
Otu00203	2	2	11	170	64	0	0	0	0	0	0	1	22	0	0	0	0	0	0	0
Otu00206	0	62	0	0	0	0	0	0	0	1	0	0	0	0	0	0	0	3	0	0
Otu00210	0	0	0	0	0	0	15	0	0	0	0	0	0	0	0	0	0	0	0	0
Otu00211	0	6	6	0	9	0	0	0	1	0	1	1	3	12	7	22	45	23	7	4
Otu00212	1	3	0	0	1	3	0	0	0	0	2	4	2	18	1	5	3	0	0	1
Otu00216	0	1	0	1	1	1	0	0	0	0	0	0	0	0	0	0	0	0	0	0
Otu00217	0	0	0	0	0	0	0	0	0	0	37	9	0	0	0	0	0	0	0	0
Otu00220	0	0	0	0	0	0	0	0	0	0	0	0	0	0	0	0	7	0	0	0
Otu00222	0	0	133	0	0	6	0	0	0	0	0	106	0	0	0	0	1	0	0	0
Otu00224	0	5	0	0	0	0	0	0	0	0	5	0	0	0	0	1	64	0	0	0
Otu00225	0	0	0	0	0	0	0	0	0	0	0	0	5	0	0	0	0	0	0	0
Otu00226	0	0	108	0	0	1	0	0	0	0	1	0	8	0	0	0	0	0	0	0
Otu00234	0	0	0	0	0	0	4	0	2	0	0	0	0	0	0	0	0	0	0	0
Otu00236	0	0	0	0	0	0	0	0	0	0	0	0	0	0	26	0	0	0	0	0
Otu00238	1	3	3	89	47	5	0	0	0	0	0	0	11	7	0	0	1	0	0	0
Otu00240	0	0	0	0	0	3	0	0	0	0	0	0	0	0	0	0	1	0	0	0
Otu00242	0	0	73	1	0	0	0	0	0	0	0	0	0	0	0	0	0	0	0	0
Otu00245	0	0	1	0	0	0	13	0	0	0	0	0	0	0	0	0	0	0	1	0
Otu00247	16	0	0	0	0	0	0	0	0	0	0	0	0	0	54	0	0	0	0	0
Otu00249	0	0	22	3	70	0	0	0	0	0	134	0	0	0	12	0	0	0	0	0
Otu00250	0	0	0	0	0	5	0	0	0	0	0	0	0	0	0	0	0	0	0	0
Otu00251	0	0	0	0	0	0	0	0	0	0	0	0	0	0	0	0	0	0	0	12
Otu00253	0	0	0	0	0	0	0	659	0	0	0	1	0	0	0	0	0	0	0	0
Otu00258	0	0	0	0	0	0	0	0	0	0	0	0	0	0	0	0	398	0	0	0
Otu00260	0	0	0	0	0	0	0	0	0	0	5	0	0	0	0	0	0	0	0	0
Otu00262	0	14	0	1	0	0	0	0	0	0	0	3	0	0	2	0	0	0	0	0
Otu00264	0	0	0	0	0	0	0	0	0	0	0	0	0	0	0	0	10	0	0	0
Otu00266	0	0	9	0	0	0	0	0	0	0	9	0	0	0	18	20	0	0	0	1
Otu00270	0	0	0	0	0	0	0	0	0	2	0	0	0	0	0	0	1	22	10	3
Otu00271	0	0	0	0	0	0	0	0	0	0	0	0	0	0	0	0	31	0	0	0
Otu00272	0	14	0	0	0	0	0	0	0	0	0	0	0	0	0	1	17	4	1	0
Otu00276	0	0	0	0	0	0	0	0	0	0	0	0	0	0	0	0	0	4	0	0
Otu00280	0	7	0	0	0	0	0	0	0	0	2	0	0	0	5	13	0	0	0	0
Otu00281	0	0	0	0	0	0	0	0	0	0	40	0	0	0	0	0	0	0	0	0
Otu00282	2	0	0	0	0	0	0	0	1	0	0	0	10	0	0	0	0	0	2	0
Otu00283	0	5	0	0	0	0	1	0	0	0	0	0	1	0	0	0	21	0	0	0
Otu00284	0	0	0	0	0	0	0	0	0	0	1	0	0	0	0	0	4	0	0	0
Otu00286	0	98	0	1	0	97	0	0	1	0	0	0	0	0	0	32	0	0	0	0
Otu00287	0	0	0	0	0	0	0	0	0	3	0	0	0	0	0	0	0	4	0	0
Otu00289	0	0	0	0	3	0	0	0	0	0	0	0	0	0	0	0	0	0	0	0
Otu00291	0	0	0	0	0	0	0	0	0	0	3	0	0	0	0	0	4	0	0	0
Otu00292	1	0	0	0	0	0	0	0	0	0	0	0	0	0	0	15	0	0	0	0
Otu00294	0	0	0	0	0	0	4	5	0	0	0	0	0	0	0	0	0	0	0	0
Otu00295	1	0	0	1	0	0	0	0	0	0	0	0	0	2	0	2	0	0	0	1
Otu00298	0	0	0	0	0	0	0	0	0	0	0	0	0	17	0	0	0	0	0	0
Otu00299	0	0	0	3	0	0	0	0	1	0	0	16	0	0	0	0	0	0	0	0
Otu00300	0	0	0	0	0	0	0	0	0	0	0	0	0	113	0	0	0	0	0	0
Otu00302	0	0	0	0	0	0	0	0	0	0	0	0	0	1	1	0	1	0	23	0
Otu00303	0	0	0	0	0	0	0	0	0	12	0	0	0	0	0	0	0	0	0	0
Otu00304	0	0	0	2	0	0	0	0	0	0	0	0	0	0	0	0	35	0	0	0
Otu00306	0	0	0	0	0	0	0	0	0	0	0	12	0	0	0	0	0	0	0	0
Otu00307	0	0	0	0	0	0	0	0	0	0	0	10	0	0	11	0	0	0	0	0
Otu00308	0	0	0	0	0	0	0	32	0	0	0	0	0	0	1	0	0	0	0	0
Otu00312	0	0	0	0	0	0	0	0	0	0	0	0	0	0	0	0	0	276	0	0
Otu00314	0	0	0	3	0	0	0	0	0	0	42	0	0	0	0	0	0	0	0	0
Otu00315	0	0	0	0	0	0	0	0	0	1	0	0	0	0	0	0	0	2	0	0
Otu00320	0	0	1	0	0	0	0	0	0	0	0	0	0	0	0	0	36	0	1	0
Otu00321	0	0	0	11	38	0	0	0	0	0	29	0	0	0	0	0	0	0	0	0
Otu00322	0	0	0	0	0	0	0	0	0	0	11	0	0	1	0	0	0	0	0	0
Otu00324	0	0	6	0	0	0	0	0	0	0	27	0	0	0	0	0	22	0	0	0
Otu00325	0	0	0	0	14	0	0	0	0	0	8	0	0	0	0	0	0	0	0	0
Otu00328	0	0	0	0	3	0	0	0	0	0	0	21	0	0	0	0	0	0	0	0
Otu00329	0	10	0	0	0	0	0	0	0	0	0	0	2	0	0	0	0	0	0	0
Otu00335	0	0	10	0	0	0	0	0	0	0	0	0	0	0	0	0	0	0	0	0
Otu00339	0	0	0	0	0	0	0	0	0	0	0	1	0	1	0	1	0	0	0	0
Otu00344	0	0	0	0	0	0	0	0	0	3	0	0	0	0	0	0	0	0	0	0
Otu00345	0	0	0	0	0	0	0	0	0	0	10	0	0	0	0	0	0	0	0	0
Otu00346	0	0	0	0	0	0	0	0	0	0	0	0	11	0	0	0	0	0	0	0
Otu00348	0	0	67	0	0	0	0	0	0	0	0	0	0	0	0	0	0	0	0	0
Otu00349	0	0	0	0	0	0	0	0	0	0	3	1	0	0	0	0	0	0	0	0
Otu00350	0	0	0	0	0	0	4	0	0	0	0	0	0	0	0	0	0	0	0	0
Otu00354	0	0	0	0	0	2	0	0	0	0	0	5	0	0	0	24	0	0	0	0
Otu00355	0	0	0	0	0	0	0	0	0	0	0	0	0	0	0	0	38	0	0	0
Otu00356	0	0	0	8	0	0	0	0	0	0	0	0	3	0	0	0	0	0	0	0
Otu00357	0	0	0	0	0	0	0	0	0	0	0	0	0	0	0	0	23	5	0	23
Otu00358	0	331	0	0	0	0	0	0	0	0	0	0	0	0	0	0	0	0	0	0
Otu00361	0	0	0	0	72	0	0	0	0	0	54	0	0	0	0	0	0	0	0	0
Otu00366	0	0	0	0	0	0	0	0	0	0	0	0	10	0	0	0	0	0	0	0
Otu00370	0	0	0	0	0	0	0	0	0	0	37	0	0	0	0	0	0	0	0	0
Otu00371	0	0	0	0	0	1	0	0	0	2	0	0	0	0	0	0	0	0	0	23
Otu00374	0	7	0	0	3	2	0	0	0	0	0	0	0	0	0	0	0	0	0	0
Otu00378	0	0	0	0	0	0	0	0	0	0	0	0	0	2	0	0	1	0	0	1
Otu00383	0	0	2	0	3	0	0	0	0	0	0	2	0	4	0	0	0	0	0	0
Otu00386	0	0	0	0	0	0	0	0	0	27	0	0	0	0	0	0	0	0	0	0
Otu00388	0	0	0	0	0	0	0	0	0	8	0	0	0	0	0	0	0	0	0	0
Otu00389	0	0	0	0	0	0	0	0	0	0	0	0	0	0	0	0	0	0	0	36
Otu00391	0	0	0	0	0	0	0	13	0	1	0	0	0	0	0	0	0	0	0	1
Otu00392	0	0	0	0	0	0	0	0	0	0	3	0	0	0	0	0	0	0	0	0
Otu00396	0	1	0	1	0	0	0	0	0	0	0	0	1	0	0	0	17	0	0	0
Otu00397	0	6	0	0	0	0	0	0	0	0	17	0	9	0	0	0	0	2	0	0
Otu00398	0	0	0	0	0	0	0	0	0	0	0	0	0	0	4	0	0	0	0	0
Otu00400	0	0	0	0	26	0	0	0	0	0	0	0	0	0	0	0	0	0	0	0
Otu00402	0	0	12	33	14	1	0	0	0	0	0	1	6	0	0	0	0	0	0	0
Otu00408	0	0	0	0	0	0	0	0	0	0	0	0	0	0	0	0	0	0	0	28
Otu00413	9	0	0	0	0	0	0	0	0	0	0	0	8	0	0	65	0	0	0	0
Otu00418	0	0	0	3	0	0	0	0	0	0	0	0	0	0	0	0	0	0	0	0
Otu00419	0	0	0	0	0	0	0	0	0	0	0	0	0	0	0	0	4	0	0	0
Otu00429	0	0	0	0	0	0	0	0	0	0	0	0	2	0	0	0	2	0	0	0
Otu00430	0	33	0	0	0	0	0	0	0	0	0	0	0	0	0	0	0	0	0	0
Otu00432	2	0	2	45	28	0	0	0	0	0	1	0	5	0	0	0	0	0	0	0
Otu00434	0	0	0	0	0	0	0	0	0	0	0	0	4	0	23	0	0	0	0	0
Otu00435	0	0	0	0	0	0	0	0	2	7	0	0	0	0	0	0	0	0	0	0
Otu00438	0	5	0	0	0	0	0	0	0	0	0	0	0	0	0	0	0	0	0	0
Otu00446	0	0	0	0	2	0	0	0	0	4	0	0	0	0	0	0	0	0	0	0
Otu00450	0	0	0	0	0	0	0	0	0	0	0	0	0	0	0	0	4	0	0	0
Otu00451	0	0	0	0	0	0	0	0	0	0	0	0	0	0	0	0	5	0	0	0
Otu00452	0	0	0	0	0	0	0	27	0	0	0	0	0	0	0	0	0	0	0	0
Otu00453	0	0	0	0	0	0	0	0	0	0	0	4	0	2	38	0	0	0	0	0
Otu00458	0	0	0	0	0	0	0	0	0	0	0	0	0	0	0	0	14	0	0	0
Otu00459	0	0	0	0	0	0	0	0	0	0	13	0	0	0	0	0	0	0	0	0
Otu00460	0	0	0	0	0	0	0	0	0	0	0	0	0	0	0	0	239	0	0	0
Otu00461	0	0	0	0	0	17	0	0	0	0	0	0	0	0	0	116	0	0	0	0
Otu00462	0	0	0	0	0	0	0	0	0	0	31	0	0	0	0	0	0	0	0	0
Otu00464	3	0	6	27	14	0	0	0	0	0	0	0	6	1	0	0	0	0	0	0
Otu00465	0	0	0	0	0	0	0	0	0	0	26	0	0	0	0	0	1	0	0	0
Otu00477	0	0	0	0	0	0	0	0	0	13	0	0	0	0	0	0	0	0	0	0
Otu00479	0	0	9	0	0	0	0	0	0	0	0	0	0	0	0	0	0	0	0	0
Otu00481	0	0	0	0	0	0	2	0	6	0	2	7	0	0	142	0	0	0	0	0
Otu00489	0	0	0	0	0	0	0	0	0	0	0	0	0	0	0	0	4	0	0	0
Otu00491	8	0	0	0	0	0	6	0	0	0	0	0	0	0	0	0	0	0	0	0
Otu00494	0	11	0	0	0	0	0	2	0	0	3	0	0	14	8	0	3	0	0	0
Otu00495	0	3	1	0	0	0	5	0	1	2	0	0	0	1	4	6	1	0	0	0
Otu00496	3	0	0	0	0	0	0	0	0	0	0	1	0	0	0	0	0	0	0	0
Otu00497	0	0	0	0	0	0	0	0	0	0	34	0	2	0	0	81	0	0	0	0
Otu00498	0	0	0	0	0	0	0	10	0	120	0	0	0	0	0	0	0	0	0	0
Otu00501	0	0	0	0	0	0	5	0	0	8	0	0	0	0	0	0	0	0	0	0
Otu00502	0	0	1	10	20	5	0	1	0	0	0	0	0	4	0	0	0	0	0	0
Otu00504	0	0	0	0	0	4	0	0	0	0	0	0	0	0	0	0	0	0	0	0
Otu00508	0	0	0	0	0	0	0	0	0	0	0	0	0	0	0	0	84	1	0	0
Otu00511	0	0	0	0	0	0	0	12	0	0	0	0	0	0	0	0	0	0	0	0
Otu00515	10	0	1	0	0	0	0	6	0	0	0	0	0	1	0	0	2	0	0	2
Otu00516	0	0	0	0	0	0	29	11	23	0	0	0	0	0	0	0	0	0	0	3
Otu00518	21	0	0	0	0	0	0	0	0	0	0	0	0	0	0	0	0	0	0	0
Otu00523	0	0	0	0	0	0	0	0	0	0	0	0	0	4	0	0	1	0	0	0
Otu00526	0	0	0	4	0	0	0	0	0	0	0	0	0	0	0	0	0	0	0	0
Otu00528	5	0	0	0	0	0	0	0	0	0	0	0	0	0	0	0	0	0	0	0
Otu00531	0	0	0	0	0	0	0	0	0	0	0	0	0	0	0	0	37	0	0	0
Otu00534	0	0	0	0	0	0	0	62	0	11	0	0	0	0	0	0	0	0	0	0
Otu00542	0	0	0	0	3	0	0	0	0	0	0	0	0	0	0	0	0	0	0	0
Otu00543	0	11	0	0	0	0	0	0	0	0	0	0	0	0	0	0	0	0	0	0
Otu00544	0	3	0	0	0	0	0	0	0	0	0	0	0	0	0	0	0	0	0	0
Otu00549	0	0	0	0	0	0	0	0	0	8	0	0	0	1	0	0	6	0	0	26
Otu00550	0	0	0	0	0	0	0	0	53	0	0	0	0	0	0	0	0	0	0	0
Otu00551	0	2	3	14	7	4	0	0	0	0	0	0	0	5	0	1	0	1	0	0
Otu00553	0	0	0	0	0	0	0	0	0	0	0	0	0	0	0	0	0	0	0	41
Otu00555	0	0	0	0	0	0	0	0	0	0	0	0	5	0	0	0	0	0	0	0
Otu00559	0	5	0	0	0	0	0	0	0	2	0	0	0	0	0	0	0	0	0	0
Otu00565	0	0	0	0	0	0	0	0	0	0	0	0	0	0	0	20	0	0	0	0
Otu00567	0	0	0	0	0	0	0	0	0	1	0	0	0	0	0	0	0	2	0	0
Otu00569	0	0	0	0	0	0	0	0	0	0	0	0	0	0	0	0	20	0	0	0
Otu00571	0	0	0	0	0	0	0	0	0	0	0	0	0	0	0	0	9	0	0	0
Otu00572	0	0	0	0	0	0	0	0	0	0	0	0	0	0	63	0	0	0	0	0
Otu00579	0	0	0	0	0	0	0	0	0	0	0	0	0	0	0	9	0	0	0	0
Otu00580	0	0	0	0	1	32	0	0	0	0	0	0	0	0	0	0	0	0	0	0
Otu00585	0	0	0	0	0	0	0	0	0	0	0	0	0	0	0	150	13	0	0	0
Otu00588	0	0	0	0	0	0	0	0	0	0	0	0	0	0	0	13	0	0	0	0
Otu00590	0	0	0	0	0	0	0	0	0	0	60	0	0	0	0	0	0	0	0	0
Otu00592	0	0	0	0	0	0	0	0	0	4	0	0	0	0	0	0	0	0	0	0
Otu00601	0	0	0	0	0	0	0	3	0	0	14	0	0	0	0	0	0	0	0	0
Otu00602	0	0	0	0	1	0	0	0	0	0	0	0	0	9	0	53	0	0	0	0
Otu00603	0	1	0	0	0	1	0	0	0	0	1	0	0	0	1	2	0	0	0	0
Otu00605	0	0	0	0	0	0	0	0	0	0	54	0	0	0	0	0	0	0	0	0
Otu00607	0	0	0	0	0	0	0	0	0	0	1	1	0	0	16	0	0	0	0	0
Otu00612	0	0	0	0	0	0	0	0	0	0	0	0	1	0	1	0	1	0	0	0
Otu00627	0	1	0	0	0	0	0	0	0	0	3	0	0	0	0	0	0	0	0	0
Otu00628	0	0	0	0	0	0	0	0	0	0	3	0	0	9	5	10	0	0	0	0
Otu00632	0	0	0	0	0	0	0	0	0	0	0	0	0	1	0	6	0	0	0	0
Otu00642	0	0	0	0	0	0	0	0	0	0	0	0	0	0	0	0	19	0	0	0
Otu00657	0	0	0	0	0	6	0	0	0	0	0	0	0	0	0	0	0	0	0	0
Otu00658	0	0	0	0	0	0	0	0	0	0	0	0	0	0	0	0	0	0	138	0
Otu00665	0	0	0	0	0	0	0	0	0	0	0	0	0	0	0	0	3	0	0	0
Otu00666	0	0	0	0	0	0	0	0	0	0	0	0	0	0	0	0	14	0	0	0
Otu00668	0	0	0	0	0	0	0	0	3	0	0	0	0	0	0	0	0	0	0	0
Otu00669	0	0	0	0	0	0	0	0	0	0	0	0	0	0	1	0	2	0	0	0
Otu00670	0	0	0	0	0	0	1	0	0	0	0	0	0	0	0	0	0	0	0	8
Otu00677	0	0	0	0	0	0	0	0	0	0	0	0	0	0	0	0	0	0	0	39
Otu00678	0	0	0	0	0	0	0	0	0	0	0	12	0	0	0	0	0	0	0	0
Otu00679	0	0	0	0	0	0	0	0	0	0	0	0	0	0	0	0	8	0	0	0
Otu00684	0	0	0	0	0	0	0	0	0	0	0	20	0	4	0	0	0	0	0	7
Otu00685	0	0	0	8	0	0	0	0	0	0	0	0	0	0	0	0	0	0	0	0
Otu00690	0	0	0	0	0	0	0	0	0	0	0	0	4	0	0	0	0	0	0	0
Otu00691	0	0	11	5	6	0	0	0	0	0	1	0	0	0	0	0	0	0	0	0
Otu00694	0	0	0	0	0	0	0	0	0	0	0	0	0	0	0	0	4	0	0	0
Otu00698	0	0	0	0	0	0	0	0	0	0	0	0	0	0	4	0	0	0	0	0
Otu00699	0	2	0	0	0	0	0	0	0	0	0	0	0	1	0	2	0	0	0	0
Otu00702	0	3	0	0	0	0	0	0	0	0	0	0	0	2	1	3	0	0	0	0
Otu00703	0	31	0	0	1	1	0	0	0	0	5	0	0	3	0	0	0	0	0	0
Otu00708	0	0	0	0	0	0	0	0	0	0	0	0	1	0	0	3	0	0	0	0
Otu00709	0	19	0	0	0	0	0	0	0	0	0	0	0	0	0	0	0	0	0	0
Otu00710	0	0	0	0	0	0	0	0	0	0	0	0	0	0	0	0	0	0	0	13
Otu00715	0	0	0	0	0	0	1	10	0	0	0	0	0	0	0	0	0	0	0	0
Otu00723	0	9	0	0	2	0	0	0	0	0	0	0	0	3	0	0	0	0	0	0
Otu00733	0	2	0	2	0	0	0	0	0	1	0	0	0	0	1	3	0	0	0	0
Otu00734	0	0	0	0	0	0	0	0	110	0	0	0	0	0	0	0	0	0	0	0
Otu00736	0	0	0	0	0	0	0	0	0	0	0	0	0	0	0	0	2	0	0	1
Otu00738	0	0	0	0	0	0	0	0	0	10	0	0	0	0	0	0	0	0	0	0
Otu00748	0	19	0	0	0	0	0	0	0	0	0	0	0	0	0	0	0	0	0	0
Otu00761	0	0	0	0	0	0	43	0	0	0	0	0	0	0	0	0	0	0	0	0
Otu00762	0	2	0	0	0	0	0	0	0	0	0	0	0	1	0	0	0	0	0	0
Otu00765	0	0	0	0	0	0	0	0	0	0	0	0	0	0	0	0	4	0	0	0
Otu00766	0	0	0	0	0	0	0	0	0	0	0	0	0	0	0	0	0	0	3	0
Otu00769	0	0	0	0	0	0	0	7	1	0	0	0	0	0	0	0	0	0	0	6
Otu00777	0	0	30	0	0	0	0	0	0	0	0	0	0	0	0	0	0	0	0	0
Otu00785	0	0	0	0	0	0	0	0	0	0	0	89	0	0	1	0	0	0	0	0
Otu00799	0	0	0	0	0	0	0	0	0	0	0	0	0	6	33	5	0	0	0	0
Otu00805	0	0	0	0	0	0	0	0	0	0	73	0	0	0	0	0	0	0	0	0
Otu00809	4	0	0	0	0	0	0	0	0	0	0	0	2	0	0	0	0	0	0	0
Otu00814	0	0	0	0	0	0	0	0	3	0	0	0	0	0	0	0	0	0	0	0
Otu00815	0	3	0	0	0	2	0	0	0	0	0	0	0	0	1	3	0	0	0	0
Otu00820	0	0	0	0	0	0	0	0	0	0	0	1	0	0	0	0	0	0	0	2
Otu00826	0	0	0	0	0	0	0	0	0	0	0	87	0	0	0	0	0	0	0	0
Otu00827	0	8	0	0	0	0	0	0	0	0	0	0	0	0	0	0	0	0	0	0
Otu00832	0	0	0	0	0	0	0	0	0	4	0	0	0	0	0	0	0	0	0	0
Otu00833	2	0	0	0	0	0	0	0	0	0	0	0	0	0	0	0	1	0	0	0
Otu00834	0	0	0	0	0	0	0	0	0	0	0	0	0	0	0	50	0	0	0	0
Otu00842	0	0	0	0	0	0	0	0	0	0	0	0	0	0	0	0	8	0	0	0
Otu00844	0	0	0	0	0	0	0	0	0	2	0	0	0	0	0	0	0	0	0	2
Otu00849	0	0	0	0	0	0	0	0	0	0	0	0	0	0	0	0	0	42	1	0
Otu00850	0	0	0	0	0	0	0	0	0	3	0	0	0	0	0	0	4	0	0	21
Otu00859	0	0	0	0	0	0	0	0	0	0	0	2	2	0	0	0	0	0	0	0
Otu00861	0	0	0	0	0	0	0	0	0	1	0	19	0	0	0	0	0	0	0	0
Otu00864	0	0	0	0	1	1	0	0	0	0	0	0	0	10	0	4	0	0	0	0
Otu00895	0	0	0	0	0	0	0	0	0	0	0	0	0	0	25	0	0	0	0	0
Otu00897	0	0	0	0	0	0	0	0	7	0	0	0	0	0	0	0	0	0	0	0
Otu00898	3	0	3	2	3	0	0	0	0	0	0	0	2	0	0	0	0	0	0	0
Otu00901	1	0	0	7	0	0	0	0	0	0	0	0	3	0	0	0	0	0	0	0
Otu00911	0	0	0	0	0	0	0	0	0	0	0	0	0	0	10	32	0	0	0	0
Otu00923	0	0	0	0	0	0	0	0	0	0	0	0	0	0	0	0	1	1	2	0
Otu00924	0	0	0	0	0	0	0	0	0	0	0	11	0	0	0	0	0	0	0	8
Otu00934	0	0	0	0	0	0	0	0	0	0	0	0	0	0	0	0	3	0	0	0
Otu00936	0	0	0	0	0	0	0	0	0	0	0	0	0	0	0	1	7	0	0	2
Otu00940	0	0	0	0	0	0	0	0	0	0	0	0	0	9	0	0	0	0	0	0
Otu00949	0	0	0	0	0	1	0	0	1	1	1	0	0	0	1	0	0	0	0	0
Otu00951	0	0	0	0	0	0	5	0	34	0	0	0	0	0	0	0	0	0	0	0
Otu00958	0	0	0	0	0	0	0	0	0	0	51	0	0	0	0	0	0	0	0	0
Otu00960	0	10	0	0	0	0	0	0	0	0	0	0	0	0	0	0	0	0	0	0
Otu00966	1	0	0	0	0	0	0	0	0	1	0	0	0	0	1	0	1	0	0	0
Otu00970	0	0	2	0	0	0	0	0	0	0	1	0	0	7	0	4	0	0	0	0
Otu00971	0	0	2	0	1	1	0	0	0	0	0	0	0	1	0	0	0	0	0	0
Otu00976	0	0	0	0	0	0	0	0	0	0	0	0	0	0	8	0	0	0	0	0
Otu00977	0	0	0	0	0	0	0	0	0	0	0	0	0	0	0	46	0	0	0	0
Otu00986	0	0	0	0	0	0	0	0	0	0	0	0	0	0	0	6	0	0	0	0
Otu00988	0	0	0	0	0	0	0	0	0	0	0	0	0	0	0	0	23	0	0	0
Otu01009	0	0	0	0	0	0	0	0	12	0	0	0	0	0	0	0	0	0	0	0
Otu01012	0	0	0	0	0	0	0	0	0	0	0	4	0	3	7	23	0	0	0	0
Otu01013	0	0	0	0	0	0	0	0	0	0	0	0	0	1	13	9	0	0	0	0
Otu01033	3	0	0	0	0	0	0	0	0	0	0	2	0	0	0	0	0	0	0	0
Otu01036	0	0	0	0	0	0	0	0	0	0	0	0	1	0	0	0	18	0	0	0
Otu01038	0	0	0	0	0	0	0	0	0	0	0	0	0	0	0	14	0	0	0	0
Otu01041	0	0	0	0	0	0	0	0	0	0	0	0	0	0	0	0	7	0	0	0
Otu01045	0	0	0	0	0	0	0	0	0	0	0	0	0	0	16	0	0	0	0	0
Otu01056	0	0	0	0	0	0	0	0	0	0	0	0	0	0	0	0	4	0	0	0
Otu01063	1	0	2	0	0	0	0	0	0	0	0	0	2	0	0	0	0	0	0	0
Otu01065	0	0	0	0	0	0	0	0	0	0	0	0	0	0	14	0	0	0	0	0
Otu01067	0	0	0	0	0	0	7	0	0	0	0	0	0	0	0	0	0	0	0	0
Otu01070	0	0	1	0	0	0	2	0	4	0	0	0	0	0	0	0	0	0	0	0
Otu01089	0	0	0	0	0	0	0	0	0	0	0	0	0	24	0	0	0	0	0	0
Otu01090	0	0	0	0	0	0	5	3	4	0	0	0	0	0	0	0	0	0	0	0
Otu01105	0	0	0	0	0	0	0	0	0	0	16	0	0	0	0	0	0	0	0	0
Otu01110	0	0	0	0	0	0	0	0	0	0	25	0	0	0	0	0	0	0	0	0
Otu01111	10	0	0	0	0	0	0	0	0	0	0	0	0	0	0	0	0	0	0	0
Otu01115	0	0	0	0	0	0	0	0	25	0	0	0	0	0	0	0	0	0	0	0
Otu01121	0	0	0	0	0	0	0	0	0	0	0	0	0	0	0	0	15	0	0	0
Otu01136	0	0	0	0	4	0	0	0	0	0	0	0	0	0	0	0	0	0	0	0
Otu01138	0	0	0	0	1	0	0	0	0	0	0	0	0	0	0	27	0	0	0	0
Otu01140	0	0	0	0	0	0	0	0	0	0	0	0	0	0	1	0	0	0	8	2
Otu01141	0	0	0	0	0	0	0	0	0	0	0	0	0	0	0	25	0	0	0	0
Otu01151	0	0	0	0	0	0	10	2	5	0	0	0	0	0	0	0	0	0	0	0
Otu01152	0	3	0	0	0	0	0	0	0	0	0	0	0	0	0	0	0	0	0	0
Otu01163	0	0	0	0	0	0	0	0	0	0	0	0	0	0	0	0	0	0	0	41
Otu01178	0	0	0	0	0	0	0	0	0	0	0	0	0	0	0	0	0	8	0	0
Otu01187	0	0	0	0	0	0	0	0	0	0	0	0	0	0	0	0	42	0	0	0
Otu01195	0	0	0	0	0	0	0	0	0	0	11	2	0	0	0	19	0	0	0	0
Otu01202	0	0	0	0	0	0	0	0	0	41	0	0	0	0	0	0	0	0	0	0
Otu01204	0	0	0	0	0	0	0	0	0	0	0	0	0	0	7	0	0	0	0	0
Otu01213	0	0	0	0	0	0	0	0	0	0	9	0	0	0	0	11	0	0	0	0
Otu01215	0	0	0	0	0	0	0	0	13	0	0	0	0	0	0	0	0	0	0	0
Otu01217	0	0	0	0	0	0	0	0	0	0	1	0	2	0	0	0	0	0	0	0
Otu01219	0	1	1	0	4	1	0	0	0	0	0	0	0	0	0	0	0	0	0	0
Otu01241	0	0	0	0	0	0	0	0	0	0	0	0	0	0	0	0	32	0	0	0
Otu01246	0	0	0	0	0	0	0	0	0	0	0	0	0	0	0	12	0	0	0	0
Otu01249	0	0	0	0	0	0	0	0	0	0	0	32	0	0	0	0	0	0	0	0
Otu01265	0	0	0	0	0	0	0	0	0	0	2	0	0	0	0	8	0	0	0	0
Otu01266	0	0	0	0	0	0	1	2	0	0	0	0	0	1	0	0	0	0	0	0
Otu01273	0	0	3	0	0	0	0	0	0	0	0	0	0	0	0	0	0	0	0	0
Otu01280	0	0	0	0	0	0	0	0	0	0	0	0	0	1	0	3	0	0	0	0
Otu01284	0	8	1	0	0	0	0	0	0	0	0	0	0	0	0	0	0	0	0	0
Otu01285	0	0	0	0	0	0	0	0	0	0	0	0	0	0	0	0	36	0	0	0
Otu01291	0	0	0	0	0	0	0	0	0	0	0	0	0	0	0	19	0	0	0	0
Otu01301	0	0	0	0	0	0	0	0	0	0	1	0	0	0	12	0	0	0	0	0
Otu01311	0	0	0	0	2	0	0	0	0	0	0	0	0	1	0	0	0	0	0	0
Otu01343	0	2	1	0	0	7	0	4	0	0	0	0	0	1	0	0	0	0	0	0
Otu01346	0	0	0	0	0	0	0	0	0	3	0	0	0	0	0	0	0	0	0	0
Otu01353	0	0	0	0	0	0	0	0	0	6	0	0	0	0	0	0	0	0	0	0
Otu01356	0	2	0	1	0	1	0	0	0	0	0	0	0	0	0	0	0	0	0	0
Otu01358	0	0	0	7	5	1	0	0	0	0	0	0	0	0	0	0	0	0	0	0
Otu01364	0	0	0	0	0	0	0	0	0	0	0	0	0	0	0	7	0	0	0	0
Otu01377	0	0	0	0	0	0	0	1	0	0	1	0	0	0	0	1	0	0	0	0
Otu01378	0	0	0	0	0	0	0	0	0	4	0	0	0	0	0	0	0	0	0	0
Otu01381	0	0	0	0	0	0	0	0	0	0	0	0	0	2	0	17	0	0	0	0
Otu01387	0	0	0	0	0	0	0	0	0	0	0	0	0	0	16	0	0	0	0	0
Otu01393	0	0	0	0	0	0	0	0	0	0	0	1	0	0	0	26	0	0	0	0
Otu01402	0	0	23	0	0	0	0	0	0	0	0	0	0	0	0	0	0	0	0	0
Otu01404	0	0	0	0	0	0	0	0	0	0	0	0	0	0	0	7	0	0	0	0
Otu01421	0	0	0	0	0	0	0	4	0	0	0	0	0	0	0	0	0	0	0	0
Otu01429	0	0	0	0	0	0	0	4	0	0	0	0	0	0	0	0	0	0	0	0
Otu01431	0	0	0	0	0	0	0	0	0	0	0	0	0	0	0	0	0	0	0	4
Otu01432	0	0	0	0	0	0	3	0	0	0	0	0	0	0	0	0	0	0	0	0
Otu01452	0	0	0	0	0	0	0	0	2	0	0	0	0	0	0	0	0	0	0	1
Otu01457	0	0	0	0	0	0	0	0	0	0	0	0	0	0	0	0	0	0	0	27
Otu01464	0	4	0	0	0	0	0	0	0	0	0	0	0	0	1	0	0	0	0	0
Otu01471	0	0	0	0	0	0	0	0	0	0	0	0	0	0	5	0	0	0	0	0
Otu01489	0	0	0	0	0	0	0	0	0	0	0	0	0	0	0	11	0	0	0	0
Otu01495	0	0	0	1	0	0	0	0	0	0	0	0	0	3	0	0	0	0	0	0
Otu01497	0	0	0	0	0	0	0	0	0	0	0	0	0	0	15	0	0	0	0	0
Otu01516	0	0	0	0	0	0	0	0	0	0	0	21	0	0	0	0	0	0	0	0
Otu01517	0	1	1	0	0	3	0	3	0	0	0	0	0	1	0	0	0	0	0	0
Otu01518	0	0	0	0	0	0	0	0	0	0	0	0	0	0	0	0	26	0	0	0
Otu01519	0	0	1	0	0	0	0	0	0	3	0	0	0	0	0	0	2	0	0	1
Otu01522	0	0	0	0	0	0	0	0	0	0	0	0	0	0	0	5	0	0	0	0
Otu01532	0	0	0	0	0	0	0	0	0	24	0	0	0	0	0	0	0	0	0	0
Otu01538	0	0	0	0	1	2	0	3	0	0	0	0	0	2	0	0	0	0	0	0
Otu01546	0	0	0	0	0	0	0	0	0	0	17	0	0	0	0	0	0	0	0	0
Otu01549	0	0	0	0	0	0	0	0	0	0	0	0	0	0	0	10	0	0	0	0
Otu01566	0	0	0	0	0	0	0	0	0	0	0	24	0	0	0	0	0	0	0	0
Otu01573	0	0	0	0	0	0	0	0	0	0	0	0	0	0	0	0	24	0	0	0
Otu01581	0	2	1	0	0	0	0	0	0	0	0	0	0	0	0	0	0	0	0	0
Otu01591	0	0	0	0	0	0	0	0	0	0	0	2	0	0	5	0	0	0	0	0
Otu01610	0	0	0	0	0	0	0	0	0	0	0	0	0	0	0	15	0	0	0	0
Otu01623	0	0	0	0	0	0	0	0	0	0	0	0	0	0	0	0	0	0	0	4
Otu01634	0	0	5	0	0	0	0	0	0	0	0	0	0	0	0	0	0	0	0	0
Otu01635	0	0	0	0	0	0	0	0	0	0	3	0	0	0	0	0	0	0	0	0
Otu01644	0	0	0	0	0	0	0	0	0	0	0	0	2	0	0	17	0	0	0	0
Otu01655	0	0	0	0	0	0	0	0	0	20	0	0	0	0	0	0	0	0	0	0
Otu01673	0	0	0	0	0	0	0	0	0	0	0	0	0	0	19	0	0	0	0	0
Otu01679	0	0	0	0	0	0	0	0	0	0	0	0	0	0	0	12	0	0	0	0
Otu01681	0	0	0	0	0	0	3	2	2	0	0	0	0	0	0	0	0	0	0	0
Otu01707	0	0	0	0	0	0	0	0	0	0	12	0	0	0	0	0	0	0	0	0
Otu01721	0	0	0	0	0	0	21	0	0	0	0	0	0	0	0	0	0	0	0	0
Otu01725	0	0	0	0	3	0	0	0	0	0	0	0	0	0	0	0	0	0	0	0
Otu01735	0	1	0	0	0	0	0	0	0	0	0	0	0	0	0	0	0	0	0	2
Otu01740	0	0	0	0	0	0	0	0	0	7	0	0	0	0	0	0	0	0	0	0
Otu01748	0	0	0	0	0	0	0	0	0	0	3	0	0	0	0	0	0	0	0	0
Otu01755	0	0	0	0	0	0	0	0	0	0	0	0	0	0	0	3	0	0	0	0
Otu01761	0	0	0	4	0	0	0	0	0	0	0	0	0	1	0	0	0	0	0	0
Otu01763	0	1	0	0	0	0	0	0	0	0	0	0	2	1	0	0	1	0	0	0
Otu01774	0	0	0	0	0	0	0	0	0	0	0	0	0	7	0	0	0	0	0	0
Otu01775	0	0	0	13	0	0	0	0	0	0	0	0	0	0	0	0	0	0	0	0
Otu01779	0	0	0	0	0	0	0	0	0	0	0	0	0	3	0	8	0	0	0	0
Otu01787	0	0	0	0	0	0	0	0	0	0	0	0	0	0	0	19	0	0	0	0
Otu01801	0	0	0	3	0	1	0	0	0	0	0	0	0	0	0	0	0	0	0	0
Otu01816	0	0	0	0	0	0	0	0	0	0	0	0	0	0	0	0	0	0	18	0
Otu01848	0	0	0	0	0	0	0	0	0	0	0	4	0	0	0	0	0	0	0	0
Otu01883	0	0	0	0	0	0	0	0	0	0	0	0	0	0	13	0	0	0	0	0
Otu01896	0	0	0	0	0	0	0	0	0	0	0	0	0	0	0	0	0	0	0	16
Otu01919	0	0	0	0	0	0	0	0	0	0	0	0	0	0	0	7	0	0	0	0
Otu01921	0	0	0	0	1	0	0	0	0	0	2	0	0	0	0	0	0	0	0	0
Otu01937	0	0	0	0	0	0	0	0	0	0	16	0	0	0	0	0	0	0	0	0
Otu01941	0	0	0	0	0	0	0	0	0	0	0	0	0	0	4	0	0	0	0	0
Otu01949	0	0	0	0	0	0	0	0	0	0	0	0	0	0	11	0	0	0	0	0
Otu01955	0	0	0	0	0	0	0	0	0	0	0	1	0	0	2	3	0	0	0	0
Otu01961	0	0	0	0	0	0	0	0	0	0	0	2	0	0	3	0	0	0	0	0
Otu01980	0	0	0	0	0	0	0	0	5	0	0	0	0	0	0	0	0	0	0	0
Otu01993	0	1	0	0	0	0	0	0	0	1	0	0	0	0	0	0	0	0	0	2
Otu02012	0	0	0	0	1	0	0	0	3	0	0	0	0	0	0	0	0	0	0	0
Otu02021	0	0	0	0	0	0	9	0	0	0	0	0	0	0	0	0	0	0	0	5
Otu02035	0	0	0	0	0	0	8	0	0	0	0	0	0	0	0	0	0	0	0	0
Otu02040	0	0	0	0	0	0	0	0	0	0	5	1	0	0	1	1	0	0	0	0
Otu02041	0	0	0	0	0	0	0	0	0	0	0	0	0	0	0	4	0	0	0	0
Otu02061	0	0	0	0	0	0	0	0	5	0	0	0	0	0	0	0	0	0	0	0
Otu02070	0	0	0	0	0	0	3	1	1	0	0	0	0	0	0	0	0	0	0	0
Otu02072	0	0	0	2	2	0	0	0	0	0	0	0	0	0	0	0	0	0	0	0
Otu02073	0	0	0	0	0	0	1	1	1	0	0	0	0	0	0	0	0	0	0	1
Otu02086	0	0	0	0	0	0	0	0	0	0	0	0	11	0	0	0	0	0	0	0
Otu02094	0	0	0	0	0	0	0	0	0	0	0	12	0	0	0	0	0	0	0	0
Otu02095	0	0	0	0	0	0	0	0	0	0	9	0	0	0	0	0	0	0	0	0
Otu02118	0	0	0	0	0	0	0	0	0	0	0	0	0	0	0	13	0	0	0	0
Otu02119	0	0	0	0	0	0	0	0	0	14	0	0	0	0	0	0	0	0	0	0
Otu02130	0	0	0	0	0	0	0	0	0	1	0	0	0	0	0	2	0	0	0	0
Otu02138	0	0	0	0	0	0	0	0	0	0	0	0	0	0	0	5	0	0	0	0
Otu02175	0	1	0	0	0	0	0	0	0	0	3	0	0	0	0	0	0	0	0	0
Otu02178	0	0	0	0	0	0	0	0	0	0	0	0	0	0	9	0	0	0	0	0
Otu02184	0	0	0	0	2	0	0	0	0	0	1	0	0	0	0	0	0	0	0	0
Otu02195	0	0	0	0	0	0	0	0	0	0	0	7	0	0	0	0	0	0	0	0
Otu02200	0	0	0	0	0	0	0	11	0	0	0	0	0	0	0	0	0	0	0	0
Otu02228	0	0	0	0	0	0	0	0	0	0	0	0	7	0	0	0	0	0	0	0
Otu02232	0	0	0	0	0	0	0	0	0	0	0	0	0	0	0	12	0	0	0	0
Otu02253	0	0	0	0	0	0	0	0	0	0	0	0	0	0	0	0	0	0	3	0
Otu02273	0	0	0	0	0	0	0	0	0	0	0	0	0	0	0	12	0	0	0	0
Otu02275	0	0	0	0	0	0	0	0	0	0	0	2	0	1	0	0	0	0	0	0
Otu02280	0	0	0	0	0	0	0	0	0	0	0	0	0	3	0	3	0	0	0	0
Otu02282	0	0	0	0	0	0	0	0	0	0	0	0	0	0	0	0	0	0	0	12
Otu02338	0	0	0	0	0	0	0	0	0	0	0	0	0	0	0	11	0	0	0	0
Otu02346	0	0	0	0	5	0	0	0	0	0	0	0	0	0	0	0	0	0	0	0
Otu02359	0	0	0	0	0	0	0	0	0	0	0	0	0	0	0	7	0	0	0	0
Otu02360	0	0	0	0	0	0	0	0	0	0	0	0	0	0	0	0	0	0	3	0
Otu02376	0	0	0	0	0	0	0	0	0	0	0	3	0	0	0	0	0	0	0	0
Otu02378	0	0	0	2	1	0	0	0	0	0	0	0	0	0	0	0	0	0	0	0
Otu02422	0	0	0	0	0	0	0	0	0	0	0	0	0	0	0	10	0	0	0	0
Otu02434	0	0	0	4	0	0	0	0	0	0	0	0	0	0	0	0	0	0	0	0
Otu02492	0	1	0	0	0	2	0	1	0	0	0	0	0	0	0	0	0	0	0	0
Otu02503	0	0	0	0	0	0	0	0	0	0	0	0	0	0	0	0	0	4	0	0
Otu02506	0	0	0	0	0	0	3	0	0	0	0	0	0	0	0	0	2	0	0	0
Otu02508	0	0	0	0	0	0	5	4	0	0	0	0	0	0	0	0	0	0	0	0
Otu02540	0	0	0	0	0	1	0	1	0	0	0	0	0	1	0	0	0	0	0	1
Otu02546	0	0	0	0	0	0	0	0	0	9	0	0	0	0	0	0	0	0	0	0
Otu02576	0	0	0	0	0	0	0	0	0	3	0	0	0	0	0	0	0	0	0	0
Otu02581	0	0	0	0	0	4	0	0	0	0	0	0	0	0	0	0	0	0	0	0
Otu02599	0	0	0	0	0	0	0	0	0	0	0	0	9	0	0	0	0	0	0	0
Otu02614	0	0	0	0	0	0	0	0	0	0	0	8	0	0	0	0	0	0	0	0
Otu02617	0	0	0	0	0	0	0	0	4	0	0	0	0	0	0	0	0	0	0	0
Otu02630	0	0	0	0	0	0	0	0	0	0	0	0	0	0	0	4	0	0	0	0
Otu02636	0	0	0	0	0	0	0	0	0	0	0	0	0	0	0	0	0	0	0	5
Otu02649	0	0	0	0	0	0	0	0	0	7	0	0	0	0	0	0	0	0	0	0
Otu02671	0	7	0	0	0	0	0	0	0	0	0	0	0	0	0	0	0	0	0	0
Otu02673	0	0	0	0	0	0	0	0	0	0	0	0	0	0	0	4	0	0	0	0
Otu02697	0	0	0	0	0	0	0	0	0	0	0	0	0	0	0	3	0	0	0	0
Otu02712	0	1	0	0	0	0	0	0	0	0	0	0	0	0	0	2	0	0	0	0
Otu02734	0	0	0	0	0	0	0	0	0	0	0	0	0	0	0	0	0	7	0	0
Otu02740	0	0	0	0	0	0	0	0	0	0	0	0	0	0	0	7	0	0	0	0
Otu02751	0	0	0	0	0	0	0	0	0	0	0	0	0	0	0	0	0	6	0	0
Otu02752	0	0	0	0	0	0	0	0	0	0	0	8	0	0	0	0	0	0	0	0
Otu02760	0	0	0	0	0	0	0	0	0	0	0	4	0	0	0	0	0	0	0	0
Otu02766	0	0	0	0	0	0	0	0	0	0	0	0	0	0	8	0	0	0	0	0
Otu02800	0	0	0	0	0	0	2	0	1	0	0	0	0	0	0	0	0	0	0	1
Otu02802	0	0	0	3	3	0	0	0	0	0	0	0	0	0	0	0	0	0	0	0
Otu02814	0	0	0	0	0	0	0	0	0	0	2	0	0	1	0	0	0	0	0	0
Otu02843	7	0	0	0	0	0	0	0	0	0	0	0	0	0	0	0	0	0	0	0
Otu02930	0	0	0	0	0	0	0	0	0	0	0	0	0	0	0	0	0	0	7	0
Otu02956	0	0	0	0	0	0	0	0	0	0	0	0	0	0	7	0	0	0	0	0
Otu02983	0	0	0	0	0	0	0	0	0	0	3	0	0	0	0	0	0	0	0	0
Otu02990	0	6	0	0	0	0	0	0	0	0	0	0	0	0	0	0	0	0	0	0
Otu02993	0	0	0	0	0	0	5	0	0	0	0	0	0	0	0	0	0	0	0	0
Otu03005	0	0	0	0	0	0	0	0	0	0	0	0	0	0	0	0	4	0	0	0
Otu03065	0	0	0	0	0	0	0	0	0	0	0	3	0	0	0	0	0	0	0	0
Otu03144	0	0	0	0	0	4	0	0	0	0	0	0	0	0	0	0	0	0	0	0
Otu03155	0	0	0	0	0	0	0	0	0	0	0	0	0	5	0	0	0	0	0	0
Otu03194	0	0	0	0	0	0	0	0	4	0	0	0	0	0	0	0	0	0	0	0
Otu03227	0	0	3	0	0	0	0	0	0	0	0	0	0	0	0	0	0	0	0	0
Otu03299	0	0	0	0	0	0	0	0	0	0	0	0	0	0	0	0	4	0	0	0
Otu03315	0	0	0	0	0	0	0	0	0	0	2	0	0	1	0	0	0	0	0	0
Otu03323	0	4	0	0	0	0	0	0	0	0	0	0	0	0	0	0	0	0	0	0
Otu03362	0	0	0	0	0	0	0	0	0	0	0	0	0	0	0	0	0	0	3	0
Otu03366	0	0	0	0	0	0	0	0	0	0	0	0	0	0	0	0	0	3	0	0
Otu03417	0	0	0	3	0	0	0	0	0	0	0	0	0	0	0	0	0	0	0	0
Otu03447	0	0	0	0	0	0	0	0	0	0	5	0	0	0	0	0	0	0	0	0
Otu03454	0	0	0	0	0	0	0	0	0	0	0	0	4	0	0	0	0	0	0	0
Otu03477	0	0	0	0	0	0	0	0	0	0	2	0	0	1	0	0	0	0	0	0
Otu03534	0	0	0	0	0	0	0	0	0	0	1	0	0	0	0	3	0	0	0	0
Otu03539	0	0	0	0	0	0	0	0	0	0	0	0	0	0	4	0	0	0	0	0
Otu03561	0	0	0	0	0	0	0	0	0	0	0	4	0	0	0	0	0	0	0	0
Otu03582	0	0	0	0	0	0	0	0	0	0	0	0	0	0	0	3	0	0	0	0
Otu03623	0	0	0	0	0	0	2	0	0	0	0	0	0	0	0	0	0	1	0	0
Otu03723	0	0	0	0	0	0	0	0	0	0	0	0	0	0	0	0	0	3	0	0
Otu04079	0	0	0	0	0	0	0	0	0	0	0	0	0	0	3	0	0	0	0	0
Otu04085	0	0	0	0	0	0	0	0	0	0	0	3	0	0	0	0	0	0	0	0
Otu04166	0	0	0	0	0	2	0	1	0	0	0	0	0	0	0	0	0	0	0	0
Otu04535	0	3	0	0	0	0	0	0	0	0	0	0	0	0	0	0	0	0	0	0
