OTU_id	F14RootFungi.2p.A4	F14RootFungi.2p.A6	F14RootFungi.2p.B3	F14RootFungi.2p.D1	F14RootFungi.2p.D6	F14RootFungi.H11	F14Group.Root111	F14RootFungi.G12	F14RootFungi.G7	F14RootFungi.H5	F15RootFungi.2p.A4	F15RootFungi.2p.B3	F15RootFungi.2p.D1	F15RootFungi.2p.D6	F15RootFungi.H11	F15RootFungi.2p.A6	F15RootFungi.G12	F15RootFungi.G2	F15RootFungi.G7	F15RootFungi.H5
Otu00001	5	198	4	5	4	7	9	5	3	121	68	12	15	10	15	3661	8	7	28	11
Otu00002	943	3718	2892	547	2444	16	1482	4	3	2	5	5996	2086	3498	9	2475	2	2	20	382
Otu00003	62	42	3272	4567	2769	4216	13	6	9	4	712	6	13	250	3	13	8	0	14	4
Otu00004	1	576	0	25	0	0	0	50	105	0	59	0	1	1	0	0	1	0	2	0
Otu00005	508	387	41	78	17	510	62	475	136	332	134	1	0	64	29	15	9	2	72	97
Otu00006	346	96	53	106	4	158	65	298	28	31	0	0	0	1	0	4	1	0	1	128
Otu00007	335	35	29	34	7	285	0	162	105	148	295	3	619	264	1119	5	207	44	32	152
Otu00008	2	1	0	1	1	3	7	0	0	2	4	1	1	2	4	2	29	3679	23	0
Otu00009	259	46	1	4	4	41	146	12	8	22	24	14	75	6	132	18	49	21	77	3
Otu00010	0	0	0	0	0	0	208	0	1	0	0	0	0	0	0	0	0	0	0	0
Otu00011	4	2	2	0	0	4	0	4247	0	4254	47	0	0	0	908	0	0	0	1	0
Otu00012	0	0	0	0	0	1	0	2	0	0	0	4	2	0	2	0	625	969	35	479
Otu00013	88	22	25	54	38	9	1	0	3	152	92	0	2	897	0	2	210	1	10	0
Otu00014	138	0	0	1	0	102	2	0	5	0	0	0	0	12	0	0	0	0	38	0
Otu00015	5	3	1	0	3	4	7	2	1	1	0	0	2	0	0	0	0	1	1	1
Otu00016	45	8	76	2	1	28	2	84	32	138	0	1	1	2	2	3	1256	199	2129	327
Otu00017	145	0	10	12	1	488	352	0	0	1	2	2	330	59	1	4	553	138	937	1
Otu00018	0	0	0	3	0	0	0	0	32	0	1096	0	162	1	153	1	0	0	6	33
Otu00019	0	0	0	5	0	0	0	24	26	95	0	1	0	185	91	6	8	0	0	0
Otu00020	8	9	0	9	0	25	0	7	0	0	0	0	63	15	84	5	50	0	0	38
Otu00021	2	0	1	0	0	3	2800	0	0	0	3	0	5	6	0	4	1	2	3	0
Otu00022	104	0	2	1	0	11	0	0	0	0	0	97	12	19	184	12	0	0	1	784
Otu00023	56	1149	3	43	36	39	65	141	125	4	29	2	61	3	0	3	55	13	16	1
Otu00024	39	4	5	0	0	22	42	3	3	3	9	0	0	0	0	0	4	3	0	8
Otu00025	50	0	1	12	0	12	3	38	156	211	1	114	53	2	63	0	7	3	1	106
Otu00026	0	0	0	0	0	0	16	0	0	0	0	0	0	0	0	0	0	0	0	0
Otu00027	1	20	0	2	0	0	23	0	0	0	0	0	32	0	0	0	46	0	33	462
Otu00028	87	0	0	0	0	0	15	16	4	0	0	0	0	1	1	0	0	0	0	11
Otu00029	0	0	1	45	0	0	0	0	140	415	1	1	2	3	0	2	490	0	3	14
Otu00030	0	0	0	0	0	0	78	2	0	7	0	0	0	0	0	0	20	0	0	3
Otu00031	0	5	5	0	1	0	0	0	0	4	101	3	148	408	968	2	0	1	2	0
Otu00032	0	1	0	0	0	0	17	0	0	1	0	0	2	5	1	0	3	0	0	3
Otu00033	204	3	3	10	0	53	9	29	16	25	0	0	0	0	0	0	0	0	16	0
Otu00034	88	25	0	6	0	0	7	0	0	0	0	0	0	0	0	0	1	0	1	0
Otu00035	0	0	0	0	0	1	0	2	3	0	0	0	1	0	0	1	2	0	4	6
Otu00036	0	0	0	0	0	0	0	0	0	0	1038	1	1	0	0	0	0	0	0	1
Otu00037	0	0	4	1	0	0	8	0	0	0	0	0	0	0	0	71	0	0	0	0
Otu00038	0	0	0	0	0	0	0	0	0	0	1	0	1	0	0	0	0	33	336	336
Otu00039	1	0	0	0	3	2	211	0	0	1	0	0	0	2	1	0	0	1	0	0
Otu00040	0	0	0	0	0	0	0	0	0	0	0	1	4	1	0	0	0	0	1	0
Otu00041	0	0	0	0	0	0	0	3	0	0	0	0	0	0	0	0	0	0	0	0
Otu00042	0	0	0	0	2	0	0	0	0	0	0	0	0	0	0	0	0	1	0	0
Otu00043	0	0	0	0	0	0	0	0	0	0	0	0	0	0	1	1	0	0	3	0
Otu00044	0	0	6	0	1	1	0	0	0	0	366	0	2	0	451	0	26	3	1	1
Otu00045	0	0	0	0	0	0	1	2	2	0	0	4	0	0	0	0	0	0	0	14
Otu00046	0	0	0	0	0	0	0	0	0	0	1	0	0	0	0	0	1087	0	2	70
Otu00047	0	0	0	0	0	0	0	0	2	13	0	0	0	0	0	0	0	29	0	11
Otu00048	0	0	0	0	0	0	16	0	0	0	0	0	0	0	0	0	163	0	1	0
Otu00049	1	1	0	0	0	2	1	0	0	0	0	0	0	0	0	0	0	0	1	0
Otu00050	12	0	4	11	1	6	10	3	5	5	2	1	3	0	4	4	5	1	1	3
Otu00051	0	0	0	0	1	8	0	0	2	0	0	0	0	0	0	0	3	0	0	0
Otu00052	0	0	0	0	0	0	1	0	0	1	0	0	0	1	0	0	0	0	0	0
Otu00053	7	15	0	33	195	275	1	0	0	0	48	26	74	6	1	0	1	0	1130	0
Otu00054	0	1	0	0	0	0	15	0	0	0	0	0	0	0	0	0	0	0	0	2
Otu00055	0	1	1	1	0	1	3	6	18	6	0	0	1	1	0	0	50	5	132	50
Otu00056	0	0	0	0	0	0	0	0	1685	0	0	0	0	0	0	0	1	1	0	866
Otu00059	0	0	0	0	0	0	0	0	0	0	0	0	0	0	0	0	368	0	0	0
Otu00060	0	0	0	0	0	0	0	1	5	0	0	0	0	0	0	0	0	0	0	0
Otu00061	1	0	1	0	1	0	0	33	0	0	0	0	0	0	0	0	0	0	0	0
Otu00062	329	0	0	0	0	0	0	0	0	0	0	0	0	0	0	0	0	0	0	0
Otu00063	0	0	0	0	0	0	1	0	6	1	0	0	0	0	0	0	0	9	0	236
Otu00064	38	0	0	0	0	0	0	0	0	31	0	0	0	5	1	14	42	0	2	0
Otu00065	0	0	0	0	0	0	0	0	0	0	0	0	0	0	1	0	0	0	0	16
Otu00067	0	0	0	0	0	0	0	0	0	0	236	1	0	1	601	0	90	16	0	0
Otu00068	0	0	0	0	0	1	0	0	1441	0	0	0	0	2	1	0	0	0	1	1052
Otu00069	1	0	0	1	0	0	0	0	0	0	0	0	0	0	0	0	0	0	37	0
Otu00071	1	3	0	0	2	5	5	0	1	1	0	0	0	0	0	0	0	0	0	0
Otu00072	15	0	0	0	0	0	10	3	0	0	0	0	0	1	0	0	0	0	0	0
Otu00073	0	0	0	0	0	0	0	0	0	0	0	1	0	0	0	1	1	0	1	0
Otu00074	0	0	0	0	0	0	0	0	5	0	0	0	0	0	0	0	0	0	0	0
Otu00075	0	0	0	0	0	0	0	0	5	3	88	40	30	23	8	3	0	0	0	0
Otu00076	0	1	0	0	0	0	0	0	0	0	4	0	0	0	14	0	0	1	0	0
Otu00077	31	0	0	0	0	0	0	0	0	0	0	0	9	0	0	203	0	0	0	0
Otu00078	1	0	0	0	0	0	0	0	0	0	0	0	0	0	0	0	0	2	0	36
Otu00079	0	1	0	5	0	0	6	0	0	0	0	0	0	0	0	0	0	19	52	2
Otu00080	10	6	0	0	0	0	0	0	0	0	0	0	0	0	0	0	0	0	0	0
Otu00082	7	35	0	2	1	1	0	0	0	120	0	0	0	0	0	4	1	0	1	0
Otu00084	8	3	1	0	0	0	1	0	0	0	0	1	27	0	321	0	5	0	16	26
Otu00085	0	0	0	0	0	0	0	0	0	0	0	0	0	0	0	0	61	0	0	1
Otu00086	0	0	0	114	11	0	0	0	0	0	0	0	0	124	0	0	0	0	0	0
Otu00087	0	0	0	0	0	0	1	1	1821	0	0	0	0	0	0	0	0	0	0	0
Otu00088	0	5	0	0	0	3	0	0	0	0	35	0	32	0	0	0	0	0	0	0
Otu00089	313	0	0	0	6	0	1	0	0	0	0	0	106	0	2	1	0	1	0	0
Otu00090	0	0	0	0	1	0	2	0	258	9	0	0	1	0	0	1	4	960	441	10
Otu00092	120	2	0	0	0	0	0	1	6	1	0	0	0	0	0	0	1	0	0	12
Otu00093	0	0	0	1	0	0	0	0	0	0	0	0	0	0	0	0	1	0	0	16
Otu00094	107	11	0	15	0	11	0	0	35	0	0	3	7	8	0	0	0	0	0	0
Otu00095	19	0	0	0	0	0	0	0	0	0	0	3	0	10	0	2	0	0	0	0
Otu00097	13	0	0	0	1	2	5	0	0	0	0	0	0	2	26	0	0	0	0	0
Otu00099	0	0	0	0	0	0	0	0	0	0	0	0	0	2	0	0	1	0	1	0
Otu00102	60	0	0	0	0	0	0	0	0	0	0	0	25	0	0	0	0	0	0	0
Otu00103	0	0	0	0	0	0	0	5	1	0	0	0	0	0	0	0	22	5	1	0
Otu00104	3	0	0	25	0	0	0	0	3	0	0	0	0	0	0	1	14	31	201	0
Otu00105	0	0	0	10	0	0	3	14	0	0	0	0	0	0	0	0	5	0	0	0
Otu00106	1	7	0	4	0	0	0	0	1	0	0	0	0	0	0	0	0	0	0	0
Otu00107	15	0	0	0	0	0	0	0	0	0	0	0	0	0	0	0	0	0	0	0
Otu00110	31	0	0	0	0	0	0	0	1	0	0	0	0	4	0	1	0	1	0	0
Otu00111	0	0	0	0	0	0	0	0	0	0	0	0	0	1	1	0	1	0	0	0
Otu00112	0	0	0	0	0	0	0	0	0	0	0	0	0	0	0	0	0	0	0	21
Otu00114	0	1	0	0	0	0	0	0	0	0	0	0	0	0	0	0	0	0	0	7
Otu00115	1	4	30	50	182	1	0	0	0	0	41	8	101	79	22	17	0	0	0	0
Otu00117	0	0	0	0	0	0	0	0	0	34	0	2	0	0	0	0	0	0	0	0
Otu00119	4	13	20	27	93	0	10	0	0	0	0	255	28	17	0	7	0	0	0	4
Otu00121	0	0	0	0	0	0	0	0	0	1	1	0	1	0	0	0	1	0	1	0
Otu00124	15	0	5	0	0	0	0	273	0	0	0	0	45	28	0	0	0	0	0	0
Otu00126	0	0	0	0	0	0	0	12	0	0	0	0	0	0	0	0	0	0	0	0
Otu00127	0	0	2	2	38	6	16	1	0	0	0	0	0	0	0	0	6	2	0	0
Otu00128	0	0	0	0	0	1	1	1	0	0	0	0	0	0	0	0	0	1	0	0
Otu00130	0	0	0	0	0	0	0	0	0	0	0	0	17	0	0	0	0	0	1	0
Otu00134	0	0	0	0	0	0	3	0	0	3	0	0	0	0	0	0	2	0	0	0
Otu00136	0	0	0	0	0	0	0	0	0	0	617	0	0	23	0	0	0	0	0	0
Otu00137	3	0	3	5	0	23	3	0	2	0	0	0	19	0	0	0	1	0	5	0
Otu00138	0	0	0	0	0	23	0	133	0	0	0	0	0	0	275	0	4	0	0	2
Otu00139	0	0	0	0	0	0	0	0	0	0	0	0	0	1	0	0	1	1	0	2
Otu00140	0	0	0	0	9	0	0	0	0	0	0	0	0	0	0	0	0	1	0	0
Otu00141	0	0	0	0	80	0	0	11	0	0	0	0	0	0	0	0	0	0	0	0
Otu00142	34	0	0	0	0	0	0	0	0	0	0	0	0	0	0	4	0	0	0	0
Otu00143	0	0	0	0	0	0	0	0	0	0	0	0	9	1	0	3	0	0	0	0
Otu00144	0	0	0	0	0	0	0	0	0	0	0	0	0	0	0	0	14	30	2	0
Otu00145	0	0	0	381	0	0	0	0	0	0	0	0	0	0	0	0	0	0	0	0
Otu00146	20	0	3	5	0	0	3	1	15	0	0	5	0	0	0	1	7	1	0	6
Otu00148	0	0	0	0	0	0	0	0	0	0	0	0	0	0	0	0	0	2	0	4
Otu00149	0	12	1	0	1	0	0	0	0	0	0	0	0	0	24	3	0	0	0	0
Otu00151	0	0	0	0	0	0	0	0	0	0	0	0	0	0	0	6	12	0	0	10
Otu00153	0	0	0	0	0	0	1	0	0	0	0	1	0	0	0	0	12	0	0	159
Otu00154	0	1	0	0	1	0	7	0	2	0	0	0	0	0	0	0	0	0	0	5
Otu00155	0	0	0	0	0	0	0	0	3	16	0	0	0	0	0	0	10	0	0	30
Otu00156	1	10	4	0	0	0	0	0	0	0	0	1	0	0	0	3	0	0	0	0
Otu00160	0	34	0	0	0	1	0	2	103	0	0	0	0	0	0	0	0	0	1	5
Otu00161	0	0	0	0	0	0	0	0	3	0	1	0	0	0	0	0	56	5	0	6
Otu00162	0	0	0	0	0	0	0	0	0	0	0	0	0	1	0	0	0	2	0	38
Otu00163	0	0	0	0	0	0	0	0	2	0	0	0	0	0	0	0	0	0	0	16
Otu00164	0	0	0	0	0	0	0	0	0	0	0	0	0	0	0	0	4	0	0	0
Otu00168	0	0	0	11	4	0	16	0	0	0	32	23	5	113	60	0	0	3	0	0
Otu00169	269	2	0	0	0	0	0	0	0	0	0	0	17	0	0	0	0	0	0	0
Otu00170	49	0	0	0	0	0	0	0	0	0	0	0	19	31	0	0	0	0	0	0
Otu00171	0	0	0	0	0	0	0	0	0	0	0	0	0	0	0	1	1	1	0	0
Otu00172	0	0	0	2	0	0	0	13	0	0	0	0	0	0	0	0	0	0	0	0
Otu00173	26	0	0	0	13	0	0	0	0	0	0	0	27	7	89	0	0	0	0	0
Otu00174	0	0	0	9	0	0	0	0	0	0	0	0	0	5	0	0	10	0	0	0
Otu00176	797	0	0	0	0	0	0	0	14	0	0	3	85	0	0	1	10	0	0	0
Otu00177	0	0	0	0	0	1	1	24	0	0	0	0	0	0	0	0	6	0	0	0
Otu00179	0	0	0	0	0	0	0	0	0	0	0	0	0	0	0	20	0	0	0	0
Otu00182	0	0	0	0	0	0	0	0	0	0	0	0	0	0	0	0	23	0	0	0
Otu00185	26	0	0	0	0	0	0	0	0	0	0	0	0	0	0	5	0	0	0	0
Otu00187	0	0	0	0	0	0	0	0	0	0	0	0	0	0	159	0	0	0	0	1
Otu00189	0	0	0	0	0	0	1	19	0	0	0	0	0	0	0	0	1	0	0	0
Otu00190	0	0	0	0	0	0	0	0	0	0	0	0	0	11	67	0	0	0	0	0
Otu00192	0	0	0	0	0	0	0	0	0	0	0	5	29	0	0	9	0	0	0	0
Otu00195	0	0	0	0	0	0	0	0	0	0	0	1	1146	1	0	0	0	0	1	0
Otu00197	0	0	0	0	0	0	0	0	3	0	0	0	0	0	0	0	0	0	0	0
Otu00198	0	0	0	0	0	0	0	0	0	0	0	0	0	0	0	0	0	0	0	7
Otu00199	0	0	0	0	0	1	0	3	4	0	0	0	0	0	0	0	0	0	13	3
Otu00201	0	0	0	0	0	0	2	0	3	0	0	0	0	0	0	0	0	0	16	3
Otu00203	3	0	81	3	15	0	3	0	0	0	0	0	0	47	0	3	0	0	0	1
Otu00206	0	0	0	0	0	0	0	0	0	0	0	2	0	0	0	0	0	42	0	0
Otu00210	0	0	0	0	0	0	1	0	0	0	0	0	0	0	0	0	37	0	0	0
Otu00211	11	3	2	11	0	0	0	1	0	0	12	1	22	35	5	6	44	12	10	0
Otu00212	1	10	1	6	0	3	2	0	0	4	1	2	49	18	5	19	4	1	2	0
Otu00217	0	0	0	0	0	0	0	0	0	0	395	0	0	0	0	0	0	0	0	0
Otu00221	0	3	1	0	0	0	0	0	0	0	0	0	0	0	0	3	0	0	0	0
Otu00222	20	11	0	0	0	0	0	0	0	0	0	3	0	0	0	1	0	0	0	0
Otu00224	0	0	0	0	0	0	0	0	0	0	0	0	1	0	3	0	0	0	0	0
Otu00225	0	0	0	0	0	0	0	0	0	0	0	0	0	0	0	0	0	0	88	22
Otu00226	0	0	0	114	0	0	0	0	0	0	0	1	8	0	0	0	0	0	1	0
Otu00232	0	0	0	0	0	0	0	0	0	0	0	0	679	0	0	0	0	0	0	0
Otu00233	0	0	0	0	0	0	0	0	0	0	0	0	0	0	0	0	0	59	0	0
Otu00234	1	0	0	0	0	0	0	10	1	11	0	0	0	0	0	0	0	0	0	0
Otu00237	0	0	0	0	0	0	0	0	0	7	0	0	0	0	0	0	4	0	6	0
Otu00238	0	4	53	53	14	11	0	0	0	0	0	0	0	17	0	0	1	0	0	0
Otu00239	0	0	0	0	0	0	0	0	0	0	0	0	0	0	0	0	7	0	0	0
Otu00240	0	0	0	0	0	0	0	0	0	0	0	0	0	0	0	0	0	0	0	71
Otu00242	0	4	0	1	0	0	0	0	0	0	0	0	24	0	0	0	0	0	0	0
Otu00243	1	0	0	0	0	0	743	0	0	0	0	0	0	0	0	0	0	0	0	0
Otu00245	0	0	0	0	0	0	0	0	0	0	42	0	0	0	0	0	0	0	1	0
Otu00247	28	0	0	0	0	0	0	0	0	0	0	0	0	0	0	0	0	0	0	0
Otu00248	0	0	0	1	0	0	0	0	0	0	0	0	0	0	0	0	0	0	0	6
Otu00249	0	0	0	17	19	0	0	0	0	0	0	0	0	68	0	0	0	0	0	0
Otu00252	0	0	0	0	0	1	0	62	0	73	0	0	0	0	0	1	0	0	0	0
Otu00253	0	0	1	0	0	0	9	0	0	1	0	0	0	0	0	0	18	0	0	0
Otu00254	0	0	0	0	0	0	0	0	0	0	0	0	0	0	0	0	8	0	0	0
Otu00255	0	0	0	0	0	0	0	0	0	0	0	0	0	0	0	0	0	17	0	0
Otu00256	0	0	0	0	0	0	0	0	3	0	0	0	0	0	0	0	0	0	0	0
Otu00262	0	2	0	0	0	0	0	0	0	0	0	0	1	0	0	0	0	0	0	0
Otu00263	0	0	6	0	0	0	0	0	0	0	0	0	0	0	0	0	0	0	0	0
Otu00264	0	0	0	0	0	0	0	0	1	0	0	0	0	0	0	0	0	0	61	0
Otu00265	0	0	0	0	0	0	0	0	3	0	0	0	0	0	0	0	0	4	1	0
Otu00266	0	0	0	3	0	0	1	0	0	1	0	2	2	9	0	2	0	0	1	0
Otu00267	0	0	0	0	0	0	0	0	3	0	0	0	0	0	0	0	0	0	0	0
Otu00268	63	0	0	0	607	0	1	0	0	0	0	0	0	0	0	0	0	0	0	0
Otu00270	0	0	0	0	0	0	0	62	3	0	0	0	0	0	0	0	5	0	4	0
Otu00271	0	0	0	0	0	0	0	0	0	0	0	0	0	0	0	0	0	3	0	0
Otu00272	0	0	0	0	0	0	0	0	0	0	0	0	0	0	0	1	0	1	11	0
Otu00275	0	0	0	0	0	0	0	0	0	0	0	0	0	0	0	0	0	0	0	3
Otu00280	0	0	0	0	0	2	0	0	0	0	0	0	0	0	0	0	1	0	0	0
Otu00281	0	0	0	0	0	0	0	0	0	0	405	0	0	0	0	0	0	0	0	0
Otu00282	15	0	0	0	0	0	0	0	0	0	0	0	0	0	0	0	2	0	0	0
Otu00283	0	0	0	0	0	0	0	1	0	0	0	0	0	0	0	0	14	0	0	0
Otu00284	0	0	0	0	0	0	0	0	0	0	0	0	0	2	13	0	0	0	0	0
Otu00285	0	0	0	0	0	0	0	0	0	0	0	0	36	0	0	0	0	0	0	0
Otu00286	0	0	1	1	1	0	0	0	0	0	0	0	7	6	0	0	1	0	1	0
Otu00287	0	0	0	0	0	0	0	0	1	0	0	0	0	0	0	0	0	1	0	21
Otu00288	0	0	0	0	0	0	0	0	1	0	0	0	0	0	0	0	0	0	0	2
Otu00291	0	0	0	0	0	0	0	0	1	0	0	0	0	0	0	0	0	0	0	34
Otu00293	0	0	0	0	0	0	8	4	0	0	0	0	0	0	0	0	0	0	0	0
Otu00295	0	1	0	1	0	1	1	0	0	0	1	0	0	2	0	0	2	0	6	3
Otu00298	0	2	0	4	0	0	0	0	0	0	0	0	0	0	0	0	0	0	0	0
Otu00299	0	14	0	1	0	0	0	0	0	0	0	0	0	0	0	0	0	0	0	0
Otu00301	61	0	2	0	0	0	0	0	0	0	70	0	0	0	32	1	0	0	0	0
Otu00302	0	12	1	0	1	0	8	0	0	2	0	0	0	0	0	0	2	0	1	0
Otu00303	0	0	0	0	0	0	0	0	57	11	0	0	0	0	0	0	0	4	14	0
Otu00304	0	0	0	0	0	0	0	0	0	0	0	0	1	0	0	0	0	2	0	7
Otu00305	0	2	0	0	0	0	0	0	0	0	0	3	0	0	0	0	0	0	0	0
Otu00307	0	0	0	0	0	0	0	0	0	0	32	0	25	0	72	4	32	0	21	7
Otu00310	0	0	0	0	0	0	0	0	0	0	0	0	0	0	0	0	1	0	9	2
Otu00314	28	0	0	0	0	0	0	0	0	0	0	0	0	1	0	0	0	0	0	0
Otu00315	0	0	0	0	0	0	0	0	3	0	0	0	0	0	0	0	0	2	4	0
Otu00316	0	0	0	0	0	0	0	0	0	0	0	0	0	0	0	0	3	0	0	10
Otu00318	0	0	0	0	0	0	0	0	0	152	0	0	0	0	0	0	0	0	0	0
Otu00320	0	0	0	0	0	0	0	0	10	0	0	0	0	0	0	0	0	8	60	0
Otu00321	0	0	0	23	0	0	0	0	0	0	0	0	0	0	0	0	0	0	0	0
Otu00322	0	0	0	0	0	0	0	0	0	0	261	0	0	15	0	0	0	0	0	0
Otu00325	0	0	0	0	0	0	0	0	0	0	0	12	0	5	0	0	0	0	0	0
Otu00329	0	0	1	0	0	0	0	0	0	0	0	0	1	0	0	0	0	4	0	4
Otu00330	0	0	0	1	0	2	6	0	0	0	0	0	0	0	0	0	0	0	0	0
Otu00331	0	1	0	2	0	0	0	0	0	0	0	0	0	0	0	0	0	0	0	3
Otu00339	0	0	0	0	0	0	0	0	0	0	1	1	0	0	0	0	1	0	0	0
Otu00340	79	0	0	0	0	0	0	0	0	0	0	0	0	0	1	0	0	0	0	0
Otu00344	1	0	0	0	0	0	0	20	0	0	0	0	0	0	0	0	0	0	0	0
Otu00345	0	0	0	0	0	0	0	0	0	0	0	0	0	13	0	0	0	0	0	0
Otu00349	0	0	0	0	0	0	0	0	0	0	0	0	0	2	0	0	0	1	1	0
Otu00354	0	0	0	0	0	153	0	0	0	0	0	0	2	0	0	0	0	0	1	0
Otu00355	0	0	0	0	0	0	0	0	0	0	0	0	0	0	0	0	0	0	0	76
Otu00356	0	0	0	0	0	0	0	0	0	0	0	6	0	0	0	6	0	0	0	0
Otu00357	0	0	0	0	0	0	0	0	0	0	0	0	0	0	0	0	1	53	9	0
Otu00360	0	0	0	0	0	0	0	0	0	0	0	0	0	0	0	0	0	0	21	0
Otu00361	0	0	0	1	0	0	0	0	0	0	0	0	0	10	0	0	0	0	0	0
Otu00362	0	0	0	0	0	0	0	0	0	0	0	0	0	0	0	0	0	9	0	0
Otu00369	0	0	0	0	0	0	1	0	29	5	0	0	0	0	0	0	0	0	0	3
Otu00370	0	0	0	0	1	0	0	0	0	0	0	0	14	24	1	0	0	0	0	0
Otu00373	0	0	0	0	0	0	0	0	0	0	0	0	0	0	0	0	55	0	0	0
Otu00378	1	1	0	0	0	0	0	0	0	0	0	0	0	0	0	0	0	0	0	6
Otu00383	0	0	0	0	28	0	0	0	0	0	0	0	0	0	0	0	0	0	0	0
Otu00387	0	0	0	0	0	0	0	9	0	0	0	0	0	0	0	1	0	0	0	0
Otu00388	0	0	0	0	0	0	0	0	0	0	0	0	0	0	0	0	0	0	0	4
Otu00389	0	0	0	0	0	0	0	0	0	0	0	0	0	0	0	0	0	3	0	0
Otu00391	0	0	0	0	0	0	0	0	0	0	0	0	0	0	0	0	0	0	0	3
Otu00396	0	0	0	0	0	2	0	0	0	0	0	0	0	1	1	0	0	0	0	4
Otu00397	0	0	0	0	1	0	0	0	0	0	0	0	0	0	0	0	13	0	0	0
Otu00400	0	0	0	56	0	0	0	0	0	0	0	0	0	0	0	0	0	0	1	0
Otu00401	0	0	0	0	0	0	0	0	0	0	0	0	0	5	0	0	0	0	0	0
Otu00402	0	0	16	13	2	0	3	0	0	0	0	1	0	9	0	0	0	0	0	0
Otu00408	0	0	0	0	0	0	0	0	0	0	0	0	0	0	0	0	62	0	0	0
Otu00410	0	0	0	0	0	0	0	0	0	0	0	0	0	0	0	0	0	4	0	0
Otu00414	0	0	0	0	0	0	0	0	0	9	0	0	0	0	0	0	0	0	0	0
Otu00415	0	0	0	0	0	0	0	0	13	0	0	0	0	0	0	0	0	0	0	0
Otu00418	107	0	6	2	0	21	0	0	0	0	0	0	0	0	0	0	0	0	0	0
Otu00427	0	0	0	0	0	0	0	0	0	0	0	0	0	0	0	0	0	3	0	0
Otu00429	0	0	0	0	0	0	0	0	0	0	38	1	0	0	0	0	1	0	0	0
Otu00430	0	0	0	5	0	0	0	0	0	0	0	0	0	0	0	0	0	1	0	0
Otu00431	0	0	0	0	0	0	3	0	0	0	0	0	0	0	0	0	0	0	0	0
Otu00432	0	5	8	22	2	0	1	0	0	0	0	0	2	4	1	0	0	0	0	0
Otu00436	50	5	0	0	0	0	0	0	0	0	0	0	0	0	0	0	0	0	0	0
Otu00437	0	0	0	0	0	0	0	0	0	4	0	0	0	0	0	0	4	0	0	0
Otu00446	0	0	0	0	0	0	0	23	3	2	0	0	0	0	0	0	34	0	0	3
Otu00447	0	0	0	0	0	0	0	0	0	0	0	0	0	0	67	0	0	0	0	0
Otu00448	0	0	0	3	0	0	0	0	0	0	0	0	1	0	0	0	0	0	0	0
Otu00450	1	0	0	0	0	3	0	0	0	0	0	0	0	0	0	0	0	0	0	0
Otu00451	0	0	0	0	0	0	6	1	0	1	0	0	0	1	0	0	0	0	0	0
Otu00458	0	0	0	0	0	0	0	0	0	0	0	0	0	0	0	0	0	3	0	7
Otu00464	1	3	3	15	7	0	2	1	0	0	0	3	1	3	0	0	0	0	0	0
Otu00465	0	0	0	0	0	0	0	0	0	0	0	0	0	32	0	0	0	0	0	0
Otu00470	46	0	0	0	0	0	0	0	0	0	0	0	0	0	0	0	0	0	0	0
Otu00473	0	0	0	0	0	0	0	0	0	0	0	6	0	0	0	0	0	0	0	0
Otu00477	0	0	0	0	0	0	0	116	6	0	0	0	0	0	0	0	0	0	0	0
Otu00478	6	0	0	0	0	0	0	0	0	0	0	0	0	0	0	0	0	0	0	0
Otu00479	0	0	0	1	0	0	2	0	0	0	0	0	0	0	0	0	0	0	0	0
Otu00481	0	0	0	0	0	0	0	6	0	0	0	0	0	0	0	0	0	0	0	0
Otu00484	0	0	0	0	0	0	0	0	0	0	55	0	0	0	0	0	0	18	0	0
Otu00491	0	0	0	0	0	0	0	0	0	0	0	0	0	0	0	0	0	0	0	12
Otu00495	0	0	0	0	0	0	0	1	2	7	0	0	1	0	1	0	0	0	0	1
Otu00498	0	0	0	0	0	1	0	0	0	0	0	0	0	0	0	0	0	0	0	12
Otu00502	0	0	3	13	5	5	0	0	0	0	0	0	0	0	0	0	0	0	0	0
Otu00504	0	0	0	0	0	0	0	0	0	0	0	0	0	0	205	0	0	0	0	0
Otu00511	0	0	0	0	0	0	0	15	1	0	0	0	0	0	0	0	0	0	0	0
Otu00512	8	0	0	0	0	0	0	0	0	0	0	0	0	0	0	0	0	0	0	0
Otu00515	0	8	3	0	0	0	0	0	0	0	1	0	0	1	0	0	0	0	0	0
Otu00516	0	0	0	0	0	0	0	28	0	22	0	0	0	0	7	0	0	0	0	0
Otu00521	0	0	0	0	0	0	0	0	2	0	0	0	0	0	0	0	0	0	0	1
Otu00523	0	0	0	0	0	0	0	0	0	0	0	0	0	0	0	0	9	0	0	1
Otu00531	0	0	0	0	0	0	0	0	0	0	0	0	4	0	0	0	0	0	0	0
Otu00532	0	2	0	0	0	0	1	0	0	0	0	0	0	0	0	0	0	0	0	0
Otu00535	0	0	0	0	0	0	0	0	0	0	0	0	0	0	0	0	0	0	0	10
Otu00537	0	0	0	0	0	0	0	0	0	0	0	0	30	0	0	0	0	0	0	0
Otu00542	0	0	0	0	0	0	0	0	0	0	50	0	0	0	0	0	0	0	0	0
Otu00543	0	0	0	0	0	0	0	0	0	0	0	4	0	0	0	0	0	0	0	0
Otu00550	0	0	0	0	0	0	0	0	0	0	0	0	37	0	0	0	0	0	0	0
Otu00551	0	0	5	12	4	4	0	0	0	0	0	0	0	0	0	0	0	0	0	0
Otu00565	0	0	0	0	0	0	0	0	0	0	0	0	5	10	0	0	0	0	0	1
Otu00567	0	0	0	0	0	0	0	0	10	0	0	0	0	0	0	0	0	0	7	0
Otu00568	0	0	0	0	0	0	0	0	0	12	0	0	0	0	0	0	0	0	0	0
Otu00578	0	0	0	0	0	0	0	0	0	0	0	6	0	0	0	2	0	0	0	5
Otu00582	0	0	0	0	0	0	0	0	0	0	0	0	0	0	0	0	170	0	0	0
Otu00586	0	0	0	0	0	0	0	11	0	2	0	0	0	0	0	0	0	0	0	0
Otu00588	0	0	0	0	0	0	0	0	0	0	0	0	0	0	59	0	0	0	0	0
Otu00591	0	0	0	0	0	0	0	0	19	0	0	0	0	0	0	0	0	0	0	17
Otu00595	0	0	0	0	0	0	0	0	0	0	0	0	16	0	0	0	0	0	0	0
Otu00597	0	0	0	0	0	0	3	0	0	0	0	0	0	0	0	0	0	0	0	0
Otu00603	2	0	0	0	0	0	0	0	0	0	0	0	0	0	2	0	0	0	0	5
Otu00607	0	0	0	1	0	0	0	0	0	0	0	0	0	0	3	0	0	0	0	0
Otu00612	0	0	0	0	0	0	0	3	1	1	0	0	0	0	0	0	11	0	0	0
Otu00613	0	0	0	0	0	0	0	2	0	0	0	0	0	0	0	0	0	0	0	3
Otu00614	0	0	0	0	0	0	0	0	4	0	0	0	0	0	0	0	0	0	0	0
Otu00616	0	0	0	0	0	0	0	0	0	0	0	0	0	0	0	0	0	0	0	5
Otu00620	0	0	0	0	0	0	0	0	0	0	0	0	0	0	0	0	6	0	0	0
Otu00624	0	2	0	1	0	9	0	0	0	0	0	0	0	0	0	0	3	0	0	0
Otu00625	0	0	0	0	0	0	0	0	0	0	0	0	0	0	0	0	0	0	41	0
Otu00626	0	0	0	0	0	0	0	0	0	0	0	0	0	0	0	0	0	0	0	6
Otu00628	0	0	0	0	1	0	0	0	0	0	0	0	1	0	8	0	0	0	0	0
Otu00635	0	0	0	0	0	0	0	0	0	0	0	0	0	0	0	0	0	0	0	3
Otu00638	0	0	0	0	0	0	0	0	0	0	0	0	0	0	58	0	0	0	0	0
Otu00642	0	0	0	0	0	0	0	0	0	0	0	4	0	0	14	0	1	0	0	0
Otu00646	0	0	0	0	0	0	0	0	0	0	0	0	0	0	0	0	0	6	0	7
Otu00651	0	0	0	0	0	0	0	0	0	0	0	0	0	0	0	0	0	121	0	0
Otu00660	0	0	0	0	0	0	0	0	0	0	0	8	0	0	0	0	0	0	0	12
Otu00666	0	0	0	0	0	0	0	0	0	0	0	0	0	0	0	0	0	0	29	0
Otu00668	0	0	0	0	0	0	0	0	5	0	0	0	0	0	0	0	0	0	0	6
Otu00669	1	0	0	0	0	0	1	0	0	0	0	0	0	0	0	0	1	0	1	0
Otu00670	0	0	0	0	0	0	0	0	0	0	1	0	0	0	0	0	19	0	0	0
Otu00677	0	0	0	0	0	0	0	0	0	0	0	0	0	0	0	0	0	3	0	1
Otu00687	0	0	0	0	0	0	0	0	0	0	0	0	0	0	0	0	0	0	0	5
Otu00688	0	0	0	0	0	0	0	0	0	0	0	0	0	0	90	0	0	0	0	0
Otu00690	84	0	0	0	0	0	0	0	0	0	0	0	2	0	0	0	0	0	0	0
Otu00691	0	0	0	8	0	0	0	0	0	0	0	0	0	0	0	0	0	0	0	0
Otu00692	0	0	0	0	0	0	0	0	0	0	0	0	0	0	0	0	0	0	0	6
Otu00695	0	0	0	0	0	0	0	0	0	0	0	0	0	0	0	3	0	0	0	0
Otu00698	0	0	0	0	0	0	0	0	0	0	0	0	0	0	0	0	6	0	0	0
Otu00699	0	0	0	0	0	0	0	0	0	0	0	0	3	2	0	0	0	0	0	0
Otu00701	0	0	0	0	0	0	0	0	0	0	0	0	0	0	7	0	1	0	0	0
Otu00702	3	0	0	0	0	0	0	0	0	4	0	1	0	0	1	0	1	0	0	0
Otu00703	0	0	0	0	0	3	0	0	0	0	0	0	2	2	0	0	0	0	0	0
Otu00706	0	0	0	0	0	0	0	0	0	0	0	0	0	0	0	0	1	0	0	26
Otu00707	0	0	0	0	0	0	0	0	0	0	0	0	0	0	0	0	110	0	0	0
Otu00708	0	0	0	0	0	9	0	0	0	2	0	0	0	0	0	0	0	0	0	0
Otu00710	0	0	0	0	0	0	0	0	0	0	0	0	1	0	0	0	0	0	69	0
Otu00712	9	0	0	0	0	0	0	7	2	0	0	0	0	0	0	0	0	0	0	0
Otu00714	0	0	0	0	0	0	0	5	0	0	0	0	0	0	0	0	0	0	0	0
Otu00719	0	0	0	0	0	0	0	0	0	0	0	0	0	0	0	0	6	0	0	0
Otu00723	4	0	0	0	1	0	0	0	0	0	0	0	0	0	0	0	0	0	0	0
Otu00733	0	0	0	0	0	0	0	0	1	6	0	0	1	0	1	0	0	1	0	0
Otu00740	0	13	0	0	0	0	0	0	0	0	0	0	0	0	0	48	0	0	0	0
Otu00743	1	0	0	0	0	0	1	0	0	0	0	0	0	0	0	0	0	3	0	0
Otu00744	0	0	0	0	0	0	0	0	0	0	0	0	0	0	0	0	71	0	0	0
Otu00745	0	0	0	0	0	0	1	0	0	0	0	0	0	0	1	0	0	0	0	1
Otu00746	0	0	0	0	0	0	0	0	0	0	0	0	0	0	0	0	0	3	0	0
Otu00748	0	0	0	0	0	0	0	0	0	10	0	0	0	0	0	0	0	0	0	0
Otu00754	0	0	0	0	0	0	0	0	0	0	0	0	105	0	0	0	0	0	0	0
Otu00760	0	0	0	0	0	0	0	0	0	0	0	0	0	0	0	0	0	5	0	0
Otu00761	17	0	0	0	0	0	0	0	0	0	0	0	0	0	0	0	0	0	0	0
Otu00763	0	0	0	0	0	0	0	11	0	0	0	0	0	0	0	0	0	0	0	0
Otu00765	0	0	0	0	0	0	1	0	0	0	0	0	0	0	0	0	0	0	0	2
Otu00775	0	0	0	0	0	0	0	12	0	0	0	0	0	0	0	0	0	0	0	0
Otu00777	0	0	0	0	0	0	7	0	0	0	0	0	0	0	0	0	1	0	0	0
Otu00789	0	0	0	0	0	0	0	0	0	0	0	0	0	0	0	0	0	0	0	6
Otu00799	0	0	0	0	0	0	0	0	0	0	0	0	0	5	0	0	0	0	0	0
Otu00809	0	1	0	0	2	0	0	0	0	0	0	4	1	0	0	1	0	0	0	0
Otu00815	0	0	0	0	0	0	0	1	1	3	0	1	0	0	0	0	0	0	0	1
Otu00817	0	0	0	0	0	0	0	0	0	0	0	0	0	51	0	0	0	0	0	0
Otu00818	0	0	0	0	0	0	0	0	0	0	0	0	0	0	0	0	0	0	50	0
Otu00820	1	0	0	0	0	1	2	0	0	0	0	0	0	0	2	0	0	0	0	0
Otu00822	56	0	0	0	0	0	0	0	0	0	0	0	0	0	0	0	0	0	0	0
Otu00823	0	0	0	0	0	0	0	0	4	0	0	0	0	0	0	0	0	0	10	0
Otu00832	0	0	0	0	0	0	0	0	1	27	0	0	0	0	0	0	0	0	0	0
Otu00836	0	0	0	0	0	0	0	0	0	0	0	0	0	0	71	0	0	0	0	0
Otu00840	0	0	0	0	0	0	0	8	0	0	0	0	0	0	0	0	0	0	0	0
Otu00844	0	0	0	0	0	0	0	0	0	1	0	0	0	0	0	0	0	7	1	1
Otu00850	0	0	0	0	0	0	0	0	0	0	0	0	0	0	0	0	3	3	13	0
Otu00851	0	0	0	0	0	0	0	0	3	0	0	0	0	0	0	0	0	0	0	0
Otu00853	0	0	0	0	0	0	9	0	0	0	0	0	0	0	0	0	0	0	0	0
Otu00859	0	1	2	0	2	0	0	0	0	0	0	1	1	3	0	1	0	0	0	1
Otu00864	0	0	1	2	9	0	0	0	0	0	1	1	0	2	0	1	0	0	0	0
Otu00875	0	0	0	0	0	0	0	0	0	0	46	0	0	0	0	0	0	0	0	0
Otu00884	0	0	0	0	0	0	0	0	0	0	0	0	0	0	0	0	0	0	0	5
Otu00887	0	2	0	0	0	1	0	0	0	1	0	0	0	0	0	0	0	0	0	1
Otu00890	0	0	0	0	0	0	0	0	0	0	0	0	0	0	0	0	0	0	0	4
Otu00892	0	0	0	0	0	1	0	0	0	0	0	0	0	0	9	0	0	0	0	0
Otu00893	0	0	0	0	0	0	0	4	0	0	0	0	0	0	0	0	0	0	0	0
Otu00898	1	1	6	0	1	0	0	0	0	0	0	0	1	2	0	0	0	0	0	0
Otu00901	0	2	8	2	2	0	0	0	0	0	0	0	1	0	0	0	0	0	0	0
Otu00917	0	0	0	0	0	0	0	0	0	0	0	0	0	0	0	0	0	0	23	0
Otu00920	0	0	0	0	0	0	5	0	0	0	0	0	0	0	0	0	0	0	0	0
Otu00921	0	0	0	0	0	0	0	0	0	0	0	0	0	0	0	0	5	0	0	0
Otu00926	0	0	0	0	0	0	0	0	0	0	0	0	0	0	0	0	65	0	0	0
Otu00927	0	0	0	0	0	0	0	0	0	0	0	0	0	0	13	0	0	0	0	0
Otu00931	0	0	0	0	0	0	0	0	0	0	0	0	0	0	0	7	0	0	0	0
Otu00932	0	0	0	0	0	0	0	0	9	0	0	0	0	0	0	0	0	0	0	0
Otu00941	0	0	0	0	0	0	0	0	0	1	0	0	0	0	0	0	1	0	0	1
Otu00943	0	0	0	0	0	0	0	0	0	6	0	0	0	0	0	0	0	0	0	0
Otu00946	0	0	0	0	0	0	0	0	12	0	0	0	0	0	0	0	2	0	0	0
Otu00949	0	0	0	0	0	2	0	0	0	0	0	0	0	1	0	0	0	0	0	0
Otu00962	0	0	0	0	0	0	0	0	0	0	64	0	0	0	0	0	0	0	0	0
Otu00968	0	0	0	0	0	0	0	0	0	0	0	0	0	0	0	0	0	0	13	0
Otu00970	0	0	0	3	4	0	0	0	0	0	0	0	2	0	0	1	0	0	0	0
Otu00971	0	0	4	5	0	0	0	0	0	0	0	0	0	0	0	0	0	0	0	0
Otu00976	19	0	0	0	0	0	0	0	0	0	0	0	0	0	0	0	0	0	0	0
Otu00980	0	0	0	0	0	0	0	49	0	0	0	0	0	0	0	0	0	0	0	0
Otu00982	0	0	0	4	1	0	0	0	0	0	0	0	0	0	0	0	0	0	0	0
Otu00988	0	0	0	0	0	0	0	0	0	0	0	0	0	0	0	0	0	0	4	0
Otu00995	3	0	0	0	0	0	0	0	0	0	0	0	0	0	0	0	0	0	0	0
Otu00996	0	0	0	0	0	0	0	0	0	0	25	0	0	0	0	0	0	0	0	0
Otu01011	0	2	0	0	1	0	1	0	0	0	0	3	1	0	0	1	0	0	0	0
Otu01012	3	0	0	0	0	0	0	0	0	0	0	0	0	0	0	0	0	0	0	0
Otu01013	0	0	0	0	0	0	0	0	0	0	0	0	0	0	29	0	0	0	0	0
Otu01015	0	0	0	0	0	1	0	0	0	0	0	0	0	0	0	0	1	0	1	0
Otu01029	0	0	0	0	0	0	0	0	0	0	0	0	0	0	0	0	0	0	48	0
Otu01032	0	0	0	0	0	0	0	0	0	0	0	0	0	0	0	0	0	0	0	7
Otu01033	1	0	1	0	0	0	2	0	0	0	0	1	1	1	0	1	0	0	0	0
Otu01047	0	0	0	0	0	0	0	0	5	0	0	0	0	0	0	0	0	0	0	0
Otu01055	0	0	0	0	0	0	0	0	0	0	0	0	0	0	0	0	0	4	0	0
Otu01062	0	0	0	0	0	0	0	0	0	0	0	0	0	0	0	0	0	0	23	0
Otu01063	1	3	0	0	2	0	1	0	0	0	0	0	2	0	0	0	0	0	0	0
Otu01070	0	0	0	0	0	0	0	3	0	4	0	0	0	0	1	0	0	0	0	0
Otu01090	0	0	0	0	0	0	0	10	0	5	1	0	0	0	1	0	0	0	0	0
Otu01095	0	0	0	0	0	0	15	0	0	0	0	0	0	0	0	0	0	0	0	0
Otu01101	15	0	0	0	0	0	0	0	0	0	0	0	0	0	0	0	0	0	0	0
Otu01105	22	0	0	0	0	0	0	0	0	0	0	0	0	0	0	0	0	0	0	0
Otu01111	7	6	1	0	0	0	0	0	0	0	0	0	0	0	0	0	0	0	0	0
Otu01115	0	0	0	0	0	0	0	4	0	0	0	0	0	0	0	0	0	0	0	0
Otu01121	0	0	0	0	0	0	0	0	0	0	0	0	0	0	0	0	0	3	0	0
Otu01140	5	0	0	0	0	0	0	0	1	0	0	0	0	0	0	0	0	0	0	0
Otu01143	0	0	0	0	0	0	0	0	0	0	0	0	0	0	0	0	0	0	23	0
Otu01146	0	0	0	0	0	0	0	0	10	0	0	0	0	0	0	0	0	0	0	0
Otu01147	0	0	0	0	0	0	0	0	1	0	0	0	1	0	1	0	0	0	0	0
Otu01149	0	0	0	0	0	0	0	0	0	0	0	0	0	0	0	0	0	0	0	7
Otu01151	0	0	0	0	0	0	0	4	0	5	0	0	0	0	0	0	0	0	0	0
Otu01154	0	0	0	0	0	0	0	0	0	0	0	0	0	32	0	0	0	0	0	0
Otu01168	0	0	0	0	1	0	0	0	0	3	0	0	0	0	0	0	0	0	0	0
Otu01176	0	0	0	1	1	0	4	0	0	0	0	6	0	1	0	0	0	0	0	0
Otu01181	0	0	0	0	0	1	1	0	0	0	0	0	1	0	0	0	0	0	1	0
Otu01185	0	0	0	0	0	0	0	0	0	0	0	0	0	0	0	0	0	0	0	3
Otu01213	0	0	0	0	0	0	0	0	0	0	0	0	0	2	3	0	0	0	0	0
Otu01217	3	0	0	0	1	0	0	0	0	0	0	0	1	1	0	1	0	0	0	0
Otu01255	0	0	0	0	0	0	0	0	3	0	0	0	0	0	0	0	0	0	0	0
Otu01258	1	0	0	0	0	0	0	0	0	0	0	0	1	0	3	0	0	0	0	0
Otu01261	0	0	0	0	0	0	0	0	0	0	0	0	5	0	0	0	0	0	0	0
Otu01265	0	0	0	0	0	0	0	0	0	0	0	0	0	5	0	0	0	0	0	0
Otu01311	0	0	2	2	2	1	0	0	0	0	0	0	0	0	0	0	0	0	0	0
Otu01319	0	0	0	0	0	0	0	0	0	0	0	0	0	0	0	0	0	0	34	0
Otu01343	1	0	0	0	0	0	0	0	0	1	0	0	0	1	0	0	0	0	0	0
Otu01353	0	0	0	0	0	0	0	0	13	0	0	0	0	0	0	0	0	0	0	3
Otu01358	0	0	2	1	1	0	0	0	0	0	0	0	0	0	0	0	0	0	0	0
Otu01359	0	0	0	0	0	0	0	0	0	0	0	0	0	0	0	0	0	8	0	0
Otu01366	1	15	0	0	0	0	0	0	0	0	0	0	0	0	0	0	0	0	0	0
Otu01379	0	0	0	0	0	0	0	0	0	0	0	0	0	0	0	0	0	0	32	0
Otu01399	0	0	0	0	0	0	3	0	0	0	0	0	0	0	0	0	0	0	0	0
Otu01404	0	0	0	0	0	0	0	0	0	0	0	0	0	0	15	0	0	0	0	0
Otu01419	0	0	2	0	3	0	0	0	0	0	0	0	0	0	0	0	0	0	0	0
Otu01421	0	0	0	0	0	0	0	0	0	0	0	0	0	0	0	0	0	0	1	4
Otu01422	0	0	0	0	0	0	0	0	0	0	0	0	0	0	0	0	0	0	0	14
Otu01423	0	0	0	0	0	0	1	0	0	0	0	0	0	0	0	0	1	0	2	0
Otu01429	0	0	0	0	0	0	0	9	0	9	0	0	0	0	0	0	0	0	0	0
Otu01431	0	0	0	0	0	0	0	0	0	0	0	0	0	0	0	0	0	1	2	0
Otu01446	0	0	0	0	0	0	0	0	0	0	0	0	0	15	0	1	0	0	0	0
Otu01452	0	0	0	0	0	0	0	0	0	7	0	0	0	0	1	0	0	0	0	0
Otu01459	0	0	0	0	0	0	0	1	0	4	0	0	0	0	1	0	0	0	0	0
Otu01462	7	0	0	0	0	0	0	0	0	0	0	0	0	0	0	0	0	0	0	0
Otu01471	0	0	0	0	0	0	0	0	0	0	0	0	0	3	0	0	0	0	0	0
Otu01478	0	0	0	1	0	0	3	0	0	0	0	0	0	0	0	0	0	0	0	0
Otu01490	0	0	0	0	0	0	0	0	0	0	0	0	0	0	0	0	3	0	0	0
Otu01495	0	0	1	0	0	2	0	0	0	0	0	0	0	0	0	0	0	0	0	0
Otu01517	1	0	0	0	0	0	0	0	0	1	0	0	0	1	0	0	0	0	0	0
Otu01519	0	0	0	1	0	0	0	0	0	1	0	0	0	0	0	0	2	0	0	0
Otu01536	0	0	0	0	0	15	0	0	0	0	0	0	0	0	0	0	0	0	0	0
Otu01544	0	0	5	0	0	0	0	0	0	0	0	0	0	0	0	0	0	0	0	0
Otu01662	0	0	0	0	0	0	0	4	0	0	0	0	0	0	0	0	0	0	0	0
Otu01664	0	0	0	0	0	0	0	0	0	0	16	0	0	0	0	0	0	0	0	0
Otu01681	0	0	0	0	0	0	0	1	0	2	0	0	0	0	1	0	0	0	0	0
Otu01685	0	0	0	0	0	0	0	0	0	5	0	0	0	0	0	0	0	0	0	0
Otu01690	0	0	0	0	0	0	0	0	0	0	0	0	0	0	0	0	0	0	0	13
Otu01692	0	0	0	0	0	0	0	0	0	0	1	0	1	0	0	0	0	0	0	1
Otu01695	0	0	0	0	0	0	0	0	0	0	0	0	16	0	0	0	0	0	1	0
Otu01698	0	0	0	0	0	0	0	0	0	0	0	0	0	0	0	0	5	0	0	0
Otu01703	0	0	0	0	0	0	0	0	0	1	0	0	0	0	0	0	0	3	0	0
Otu01735	0	0	0	0	0	0	0	0	0	0	0	0	0	0	0	0	1	0	1	1
Otu01740	0	0	0	0	0	0	0	0	8	0	0	0	0	0	0	0	0	0	0	0
Otu01745	0	0	0	0	0	0	0	0	0	3	0	0	0	0	0	0	0	0	0	0
Otu01767	0	0	0	0	0	0	0	0	0	0	0	0	0	0	0	0	3	0	0	0
Otu01785	0	0	0	0	0	0	11	0	0	0	0	0	0	0	0	0	0	0	0	0
Otu01786	0	0	3	0	0	0	0	0	0	0	0	0	0	3	0	0	0	0	0	0
Otu01788	0	0	0	0	0	0	0	1	0	2	0	0	0	0	0	0	0	0	0	0
Otu01799	0	0	0	0	0	0	0	0	0	0	0	0	0	0	4	0	0	0	0	0
Otu01800	0	0	0	0	0	11	0	0	0	0	0	0	0	0	0	0	0	0	0	0
Otu01801	0	0	0	6	0	0	0	0	0	0	0	0	0	0	0	0	0	0	0	0
Otu01803	0	1	0	0	0	0	14	0	0	0	0	0	0	0	0	0	0	0	0	0
Otu01829	0	0	0	0	0	0	0	0	0	0	0	0	0	0	0	0	0	0	9	0
Otu01841	0	0	0	0	0	0	0	0	0	0	0	2	0	1	0	0	0	0	0	0
Otu01845	0	0	0	0	0	0	0	0	0	0	0	0	0	0	0	0	5	0	0	0
Otu01849	0	0	0	0	0	0	0	0	0	18	0	0	0	0	0	0	0	0	0	0
Otu01861	0	0	0	0	0	0	0	0	0	0	0	0	0	0	0	0	0	3	0	0
Otu01864	0	0	1	0	0	0	0	0	0	0	0	0	0	0	0	0	0	3	0	0
Otu01870	0	18	0	0	0	0	0	0	0	0	0	0	0	0	0	0	0	0	0	0
Otu01900	0	0	0	0	0	0	0	0	0	0	0	0	0	0	0	0	0	0	4	0
Otu01907	0	0	0	0	0	0	0	0	0	0	0	0	0	0	0	0	0	3	0	0
Otu01912	0	0	0	0	0	0	0	0	0	0	0	0	0	0	0	0	17	0	0	0
Otu01939	0	0	0	0	0	0	0	9	0	0	0	0	0	0	0	0	0	0	0	0
Otu01960	0	0	0	0	0	16	0	0	0	0	0	0	0	0	0	0	0	0	0	0
Otu01976	0	0	0	0	0	0	0	0	0	0	0	0	0	0	3	0	0	0	0	0
Otu01993	0	0	0	0	0	0	0	0	0	0	0	0	0	0	0	0	1	0	1	1
Otu01994	0	0	0	0	0	0	0	0	0	0	0	0	0	7	0	0	0	0	0	0
Otu02004	0	0	0	0	0	0	0	0	2	0	0	0	0	0	0	0	0	1	0	0
Otu02037	0	0	0	0	0	0	0	0	1	1	0	1	0	0	0	0	0	0	0	0
Otu02040	0	0	0	0	0	0	0	0	0	0	1	0	1	1	0	0	0	0	0	0
Otu02061	0	0	0	0	0	0	0	4	0	0	0	0	0	0	0	0	0	0	0	0
Otu02070	0	0	0	0	0	0	0	1	0	3	0	0	0	0	1	0	0	0	0	0
Otu02073	0	0	0	0	0	0	0	3	0	1	0	0	0	0	1	0	0	0	0	0
Otu02138	0	0	0	0	0	0	0	0	0	0	0	0	0	0	5	0	0	0	0	0
Otu02163	0	0	0	0	0	0	0	12	0	0	0	0	0	0	0	0	0	0	0	0
Otu02166	0	0	0	0	0	0	0	0	0	0	9	0	0	0	0	0	0	0	0	0
Otu02244	0	0	0	0	0	6	0	0	0	0	0	0	0	0	0	0	0	0	0	0
Otu02322	0	0	0	0	0	0	0	0	0	8	0	0	0	0	0	0	0	0	0	0
Otu02330	0	0	0	0	0	0	0	0	0	0	0	0	0	0	0	0	8	3	0	0
Otu02331	0	0	0	0	0	11	0	0	0	0	0	0	0	0	0	0	0	0	0	0
Otu02362	0	0	0	0	0	0	2	0	0	0	0	0	0	0	0	0	0	0	1	0
Otu02393	0	0	0	0	0	0	0	0	0	0	0	2	0	1	0	0	0	0	0	0
Otu02413	0	0	0	1	0	0	0	0	0	0	0	0	0	2	0	0	0	0	0	0
Otu02419	0	0	0	0	0	0	0	0	0	0	3	0	0	0	0	0	0	0	0	0
Otu02435	0	0	0	0	0	0	0	0	0	0	0	0	0	0	0	3	0	0	0	0
Otu02448	0	0	0	0	0	0	0	0	0	0	0	0	0	10	0	0	0	0	0	0
Otu02465	0	0	0	0	0	0	0	0	0	0	0	0	0	0	0	0	0	0	0	10
Otu02518	0	0	0	0	0	0	3	0	0	0	0	0	0	0	0	0	0	0	0	0
Otu02553	0	0	0	0	0	0	0	7	0	0	0	0	0	0	0	0	0	0	0	0
Otu02591	0	0	0	0	0	0	0	0	0	0	0	0	0	0	0	0	9	0	0	0
Otu02594	0	0	0	0	0	0	0	0	0	0	0	0	0	0	0	0	6	0	0	0
Otu02608	1	0	0	0	0	0	0	0	0	0	3	0	0	0	0	0	0	0	0	0
Otu02620	0	0	0	0	0	0	0	0	7	0	0	0	0	0	0	0	0	0	0	0
Otu02627	0	0	0	0	0	0	0	0	0	4	0	0	0	0	0	0	0	0	0	0
Otu02653	0	0	0	0	0	0	0	0	0	0	0	0	0	0	0	0	0	5	0	0
Otu02707	0	0	0	0	0	0	0	0	0	3	0	0	0	0	0	0	0	0	0	0
Otu02713	0	0	0	0	0	0	0	0	0	0	0	0	0	0	0	0	4	0	0	0
Otu02737	0	0	0	0	0	0	0	0	0	0	5	0	0	0	0	0	0	0	0	0
Otu02747	0	0	0	0	2	1	0	0	0	0	0	0	0	0	0	0	0	0	0	0
Otu02791	0	0	0	0	0	0	0	0	4	0	0	0	0	0	0	0	0	0	0	0
Otu02842	0	0	0	0	0	0	0	0	0	0	0	0	0	0	0	0	0	0	0	7
Otu02845	0	0	0	0	0	0	0	0	0	0	0	0	0	0	7	0	0	0	0	0
Otu02856	0	0	0	0	0	0	0	0	5	0	0	0	0	0	0	0	0	0	0	0
Otu02879	0	0	0	0	0	0	0	0	0	0	3	0	0	0	0	0	0	0	0	0
Otu02901	0	0	0	0	3	0	0	0	0	0	0	0	0	0	0	0	0	0	0	0
Otu02918	0	0	0	0	0	0	0	0	0	7	0	0	0	0	0	0	0	0	0	0
Otu03004	0	0	0	0	0	0	4	0	0	0	0	0	0	0	0	0	0	0	0	0
Otu03013	0	0	0	0	0	0	0	0	4	0	0	0	0	0	0	0	0	0	0	0
Otu03082	0	0	0	0	0	0	0	0	0	0	0	0	3	0	0	0	0	0	0	0
Otu03112	0	0	0	0	0	0	0	0	0	0	0	0	6	0	0	0	0	0	0	0
Otu03115	0	0	0	0	0	0	5	0	0	0	0	0	0	0	0	0	0	0	0	0
Otu03157	0	0	0	0	0	0	0	0	0	0	0	0	0	0	0	0	0	6	0	0
Otu03198	0	0	0	0	0	0	0	0	0	5	0	0	0	0	0	0	0	0	0	0
Otu03222	0	0	0	0	0	0	0	0	3	0	0	0	0	0	0	0	0	0	0	0
Otu03224	0	0	0	0	0	0	0	0	0	0	0	0	0	0	0	0	0	0	0	5
Otu03234	0	0	0	0	0	0	0	0	0	0	0	0	0	0	0	0	0	0	0	3
Otu03308	0	0	0	0	0	0	0	0	0	0	0	0	0	0	0	0	0	0	4	0
Otu03426	0	0	0	0	0	0	0	5	0	0	0	0	0	0	0	0	0	0	0	0
Otu03474	0	0	3	0	0	0	0	0	0	0	0	0	0	0	0	0	0	0	0	0
Otu03491	0	0	0	0	0	0	0	0	0	0	0	0	0	0	0	0	3	0	0	0
Otu03566	0	0	0	0	0	0	0	0	3	0	0	0	0	0	0	0	0	0	0	0
Otu03575	0	0	0	0	0	0	0	0	0	0	0	0	0	0	0	0	0	3	0	0
Otu03606	0	0	0	0	0	0	0	0	0	0	0	0	0	0	0	0	0	3	0	0
Otu03607	0	0	0	0	0	0	0	0	0	0	0	0	4	0	0	0	0	0	0	0
Otu03649	4	0	0	0	0	0	0	0	0	0	0	0	0	0	0	0	0	0	0	0
Otu03673	0	0	0	0	0	0	0	4	0	0	0	0	0	0	0	0	0	0	0	0
Otu03704	0	0	0	0	0	0	0	0	4	0	0	0	0	0	0	0	0	0	0	0
Otu03727	0	0	0	0	0	0	0	0	0	3	0	0	0	0	0	0	0	0	0	0
Otu03729	0	0	0	0	0	0	0	0	4	0	0	0	0	0	0	0	0	0	0	0
Otu03792	0	0	0	0	0	0	0	0	4	0	0	0	0	0	0	0	0	0	0	0
Otu03895	0	0	0	0	0	0	0	0	0	0	0	0	3	0	0	0	0	0	0	0
Otu03897	0	0	0	0	0	0	0	0	0	0	0	0	0	0	0	0	0	0	3	0
Otu03948	0	0	0	0	0	0	0	0	0	0	0	3	0	0	0	0	0	0	0	0
Otu03962	0	0	0	0	0	0	0	0	0	0	0	0	0	0	0	0	0	0	0	3
Otu04029	0	0	0	0	0	0	0	0	0	3	0	0	0	0	0	0	0	0	0	0
Otu04033	0	0	0	0	0	0	0	0	0	0	0	0	3	0	0	0	0	0	0	0
Otu04080	0	0	0	0	0	0	0	0	0	3	0	0	0	0	0	0	0	0	0	0
Otu04125	3	0	0	0	0	0	0	0	0	0	0	0	0	0	0	0	0	0	0	0
Otu04280	0	0	0	0	0	0	0	0	0	0	0	0	0	0	0	0	0	3	0	0
Otu04365	0	0	0	0	0	0	0	0	0	0	0	0	0	0	0	0	0	0	0	3
Otu04411	0	0	0	0	0	0	0	0	0	3	0	0	0	0	0	0	0	0	0	0
Otu04461	0	0	0	0	0	0	0	0	3	0	0	0	0	0	0	0	0	0	0	0
