OTU_id	F14RhizoFungi.2p.A4	F14RhizoFungi.2p.A6	F14RhizoFungi.2p.B3	F14RhizoFungi.2p.D1	F14RhizoFungi.2p.D6	F14RhizoFungi.H11	F14Group.Rhizo111	F14RhizoFungi.G12	F14RhizoFungi.G7	F14RhizoFungi.H5	F15RhizoFungi.2p.A4	F15RhizoFungi.2p.B3	F15RhizoFungi.2p.D1	F15RhizoFungi.2p.D6	F15RhizoFungi.H11	F15RhizoFungi.2p.A6	F15RhizoFungi.G12	F15RhizoFungi.G2	F15RhizoFungi.G7	F15RhizoFungi.H5
Otu00001	0	119	13	0	0	0	0	0	0	11	0	1	0	2	2	89	0	1	0	1
Otu00002	136	1433	986	98	51	1	28	0	4	3	3	1963	111	620	2	809	1	1	0	15
Otu00003	2	3	1200	505	294	44	0	1	0	1	6	1	1	211	0	18	0	0	0	2
Otu00004	5	888	1293	2545	2763	271	50	1346	1438	5	923	1132	1600	16	418	18	27	2	10	116
Otu00005	220	801	254	575	435	863	141	997	687	1050	64	14	44	43	178	605	1	48	56	110
Otu00006	275	436	1391	689	152	692	16	507	214	727	126	2	64	16	65	129	103	157	205	193
Otu00007	185	190	171	392	62	32	10	49	205	61	622	281	397	69	117	96	236	127	167	284
Otu00008	0	0	0	0	1	0	0	0	0	0	1	1	1	0	10	1	0	3601	184	2
Otu00009	0	11	3	0	0	5	7	26	3	4	90	106	4	10	155	29	21	7	19	1
Otu00010	4	4	2	35	33	4	2417	4	3	143	0	2	0	0	0	18	0	0	0	0
Otu00011	1	0	0	0	0	0	0	1056	0	230	0	0	0	0	15	0	0	0	0	0
Otu00012	0	0	16	0	1	0	3	1	2	8	0	0	1	1	0	0	82	57	30	313
Otu00013	13	0	32	3	0	23	0	0	0	129	0	0	0	5	0	0	0	0	0	0
Otu00014	40	52	40	135	1165	3074	4	3	145	1	42	0	37	1	11	42	62	144	25	37
Otu00015	0	0	4	0	0	0	2	7	3	0	10	5	1	3	3	0	1	1	2	0
Otu00016	0	8	48	3	0	0	0	135	32	1	5	1	2	2	8	11	347	282	147	191
Otu00017	14	2	13	3	1	12	276	0	0	10	43	25	17	16	1460	243	332	70	168	0
Otu00018	0	3	0	9	1	3	12	1	109	1	457	50	142	6	148	10	0	2	27	126
Otu00019	51	2	0	52	49	21	4	110	557	1511	31	34	100	3464	76	115	123	4	30	59
Otu00020	59	74	72	67	108	104	1	8	23	1	181	65	344	175	24	86	37	18	11	1
Otu00021	0	0	0	0	0	0	243	0	0	0	0	0	0	0	0	0	0	0	1	0
Otu00022	88	50	44	68	5	125	7	2	22	9	120	83	99	151	149	86	110	7	1	1128
Otu00023	0	5	19	2	1	1	13	5	4	0	3	5	0	2	5	1	1	1	1	0
Otu00024	5	11	4	1	0	16	465	8	5	169	30	188	3	27	161	45	17	22	240	0
Otu00025	49	18	11	22	4	13	3	50	129	20	132	187	60	31	49	72	73	37	26	143
Otu00026	1	0	1	0	2	2	56	5	0	0	0	2	1	5	4	2	1	0	2	2
Otu00027	0	0	1	14	0	2	144	2	0	0	93	0	82	1	0	42	196	21	117	617
Otu00028	0	20	28	0	5	7	342	41	28	1	29	13	1	2	29	2	40	0	12	31
Otu00029	0	0	6	4	0	0	0	0	6	8	0	0	0	0	0	0	22	0	1	0
Otu00030	1	3	20	1	0	3	862	0	2	41	4	5	5	3	19	10	4	19	198	2
Otu00031	0	0	3	0	0	0	0	0	0	3	34	2	32	15	16	6	0	0	0	0
Otu00032	0	4	9	1	0	0	129	21	8	9	3	7	9	33	21	9	0	5	17	1
Otu00033	12	31	41	52	17	32	37	115	22	85	18	0	19	3	9	23	0	2	21	42
Otu00034	146	970	2	78	24	15	0	0	0	1	0	11	0	4	0	38	1	0	0	0
Otu00035	0	0	2	0	1	0	1	203	31	24	7	1	0	2	9	2	51	52	156	12
Otu00036	0	0	0	0	0	0	0	0	0	0	74	0	0	0	0	0	0	0	0	1
Otu00037	0	78	2	87	9	0	31	1	0	1	0	99	60	1	2	2595	0	0	2	0
Otu00038	0	0	0	0	0	0	1	0	0	0	0	0	1	0	1	0	2	252	483	103
Otu00039	0	0	0	0	0	0	0	0	0	0	0	0	0	1	3	0	0	0	0	0
Otu00041	0	0	0	0	0	0	0	201	0	0	2	1	1	0	0	0	0	16	3	2
Otu00044	1	0	0	0	0	0	0	0	0	0	54	2	0	0	20	0	0	0	0	0
Otu00045	0	29	2	2	0	0	37	12	9	21	0	52	0	5	38	17	2	0	5	23
Otu00046	0	0	0	0	0	0	0	0	0	0	0	0	0	0	0	0	0	2	20	40
Otu00047	0	0	1	4	4	0	0	0	25	5	17	0	0	2	27	0	0	110	311	15
Otu00048	0	0	5	0	56	0	53	1	0	41	83	0	0	0	0	0	0	0	0	180
Otu00049	0	0	0	0	0	0	0	0	0	0	1	0	1	1	0	0	0	0	0	0
Otu00050	3	5	29	6	2	6	41	56	14	35	3	5	7	4	78	9	1	3	20	5
Otu00051	64	173	39	64	49	158	1	0	0	2	21	4	23	5	257	4	0	0	0	0
Otu00054	0	0	1	0	0	0	196	1	0	0	0	1	1	1	129	0	0	0	6	1
Otu00055	0	0	5	1	0	1	0	2	40	4	0	0	0	0	3	0	38	13	48	12
Otu00056	0	0	0	0	0	0	0	1	431	0	0	0	0	0	0	0	0	0	0	68
Otu00058	0	0	0	3	0	0	0	0	1	0	0	0	0	0	0	0	0	0	1	0
Otu00059	0	0	0	0	0	1	2	0	82	0	1	0	0	0	0	0	2372	0	0	13
Otu00060	0	0	0	15	0	0	12	0	0	6	0	0	0	0	8	0	0	7	141	0
Otu00061	0	0	0	1	0	0	0	14	0	0	0	0	0	0	0	0	0	0	0	0
Otu00062	4451	3	0	0	0	2	3	0	0	0	0	0	0	0	0	0	18	0	0	0
Otu00063	0	1	0	0	1	0	0	4	76	127	0	0	0	2	0	0	44	192	39	110
Otu00064	0	6	0	0	2	0	0	0	0	5	66	1	0	0	7	21	66	1	0	0
Otu00065	0	0	0	0	0	0	0	0	0	0	1	0	0	0	0	0	0	0	0	4
Otu00066	0	0	0	0	0	0	0	0	10	0	0	0	0	1	0	0	0	1	1	1
Otu00067	0	0	0	0	0	0	0	0	0	0	29	9	0	0	3	1	2	2	0	0
Otu00068	0	0	0	0	0	0	0	0	408	0	0	0	0	0	0	0	0	0	0	97
Otu00069	0	0	0	0	0	0	0	4	0	0	0	0	9	0	0	0	0	0	42	0
Otu00070	0	0	0	20	1	201	1	0	0	0	0	0	0	0	0	6	0	1	0	0
Otu00072	0	0	0	0	0	1	34	1	0	7	70	7	1	5	5	24	0	0	2	0
Otu00074	0	1	0	0	0	0	1	1	26	1	0	0	0	0	29	0	0	0	0	0
Otu00075	0	0	0	0	0	0	0	0	0	1	35	32	6	0	1	2	8	0	0	0
Otu00076	12	5	2	10	1	26	0	1	0	2	7	3	8	11	61	17	0	1	0	0
Otu00077	11	95	0	16	0	18	0	0	0	0	58	0	27	7	0	28	0	0	0	0
Otu00078	0	0	4	0	0	4	0	16	31	21	85	1	93	46	3	34	12	37	214	124
Otu00079	0	12	6	3	2	14	0	32	0	0	0	0	0	1	16	0	1	94	281	0
Otu00080	0	3	0	0	0	4	2	1	0	0	17	803	0	12	63	25	0	1	0	0
Otu00082	0	0	0	1	0	0	0	0	0	15	0	0	0	0	0	0	0	0	0	0
Otu00083	1	0	0	14	0	26	0	0	5	4	54	5	5	56	97	2	0	1	20	0
Otu00084	11	18	0	0	0	0	0	17	0	26	3	1	153	13	7	2	34	6	0	0
Otu00085	0	0	1	0	0	1	17	0	0	22	0	0	0	0	1	0	461	1	1	0
Otu00086	0	0	1	0	9	0	0	0	0	0	0	0	0	44	0	0	0	0	0	0
Otu00087	0	0	0	1	0	0	0	0	23	0	0	0	0	0	0	0	0	0	0	0
Otu00088	0	0	4	0	0	5	3	0	1	0	0	1	127	0	0	29	0	5	0	18
Otu00089	0	0	5	0	0	0	1	0	0	0	0	0	13	0	0	0	0	0	0	0
Otu00091	0	0	0	0	0	0	0	0	16	0	0	0	0	0	0	0	0	0	0	0
Otu00092	0	12	7	88	7	13	0	19	2	1	0	0	0	1	0	0	0	0	0	0
Otu00093	0	0	0	9	0	0	0	0	2	0	2	8	0	0	42	46	0	0	0	0
Otu00094	28	24	114	167	2	5	0	0	193	0	0	22	10	0	8	44	0	7	1	0
Otu00095	7	4	0	20	7	0	0	0	14	0	13	3	3	21	0	45	0	0	1	1
Otu00096	0	0	0	0	0	0	0	0	0	0	0	0	0	37	0	0	0	0	22	5
Otu00097	1	0	1	0	0	1	25	45	0	10	25	80	1	76	184	13	0	0	1	2
Otu00098	3	1	3	5	182	118	0	0	22	0	0	0	0	1	0	0	1	0	0	0
Otu00100	0	0	0	2	47	0	0	0	0	0	0	0	0	0	34	0	1	0	0	0
Otu00101	25	7	0	19	0	100	1	0	0	2	0	36	1	1	0	0	35	0	0	0
Otu00102	0	0	1	0	51	61	0	0	127	0	0	1	53	55	9	33	1	2	0	0
Otu00103	0	0	0	0	0	0	0	32	0	0	0	0	0	0	5	0	0	2	1	0
Otu00104	27	0	3	77	0	0	1	0	0	0	0	3	0	7	10	14	74	265	125	0
Otu00105	0	0	0	160	0	0	41	0	0	36	0	0	0	0	0	0	0	0	0	0
Otu00107	15	74	22	5	140	24	0	3	10	0	15	0	71	0	34	13	0	0	0	0
Otu00108	0	0	0	0	0	0	0	0	0	0	0	0	1	1	0	0	0	0	22	0
Otu00109	0	0	0	0	0	0	0	0	0	0	0	0	0	0	0	0	0	0	31	0
Otu00110	0	0	4	0	0	4	2	0	0	3	0	3	0	16	4	0	45	4	0	0
Otu00112	1	0	20	2	31	14	0	0	0	0	0	3	0	45	5	6	229	1	0	0
Otu00115	0	0	0	0	0	0	0	0	0	0	0	0	0	1	5	0	0	0	0	0
Otu00117	0	0	16	0	0	7	0	0	0	0	0	0	0	0	0	0	0	0	0	0
Otu00119	0	4	4	0	0	0	0	0	0	0	0	47	0	3	0	10	0	0	0	0
Otu00121	0	0	0	0	0	0	0	0	0	20	0	0	0	0	0	0	0	0	0	0
Otu00122	1	0	0	5	0	0	0	0	0	9	0	0	0	1	0	0	0	0	0	0
Otu00124	6	0	0	0	0	0	0	74	0	0	0	0	0	1	0	0	0	0	0	0
Otu00125	0	0	0	0	0	0	0	3	19	0	0	0	0	0	0	0	84	6	11	1
Otu00126	0	0	0	0	0	0	0	104	0	1	0	0	0	0	0	1	26	52	75	0
Otu00127	0	0	0	5	6	3	1	0	1	0	0	0	0	0	0	0	0	0	0	0
Otu00128	0	0	0	2	1	1	0	12	5	28	0	4	1	3	3	1	0	1	2	0
Otu00130	0	0	0	0	0	0	0	0	0	0	0	0	0	0	40	0	0	0	0	0
Otu00131	0	1	0	9	1	1	1	0	0	0	3	20	19	0	108	7	0	0	0	0
Otu00132	0	1	12	0	0	0	5	0	1	0	0	11	35	3	0	6	0	0	0	0
Otu00133	0	0	0	0	0	0	0	0	0	0	0	0	1	0	0	0	0	0	304	0
Otu00134	0	0	0	0	0	0	35	57	73	134	0	0	0	8	4	0	0	1	0	0
Otu00136	0	0	0	0	0	0	0	0	0	0	320	0	0	68	68	0	0	0	0	0
Otu00137	3	6	21	3	1	3	11	6	0	2	4	13	4	4	15	4	2	14	11	0
Otu00138	0	0	0	0	0	13	0	0	0	0	0	0	0	0	0	0	18	0	3	0
Otu00140	33	0	3	5	3	9	0	0	4	1	13	0	35	5	12	0	0	1	8	0
Otu00141	0	10	0	0	18	0	0	0	0	34	0	0	0	0	0	0	0	0	0	0
Otu00142	39	43	0	33	0	1	1	1	0	9	0	1	23	181	0	4	0	0	0	0
Otu00143	18	0	12	6	1	3	0	0	0	0	58	16	10	11	14	19	0	0	0	0
Otu00144	0	0	0	0	0	0	0	0	0	0	14	0	0	2	0	0	0	25	13	0
Otu00148	0	3	0	3	0	1	0	0	3	3	4	0	0	2	39	11	0	11	10	20
Otu00149	0	24	3	0	0	0	0	0	0	0	0	9	0	18	0	10	0	0	0	0
Otu00150	0	0	0	0	0	0	0	0	0	8	0	7	0	0	6	2	0	0	0	0
Otu00151	10	4	0	1	0	0	0	3	13	36	0	12	9	2	10	5	1	1	49	0
Otu00153	0	0	0	0	0	0	0	0	0	0	0	0	0	0	0	0	0	0	0	65
Otu00154	0	0	0	0	0	0	0	0	5	0	0	0	0	0	0	0	0	1	4	0
Otu00155	0	0	0	0	0	0	0	5	104	24	0	0	0	0	0	0	89	27	20	169
Otu00156	0	38	24	2	0	7	4	0	2	15	0	18	0	33	37	7	0	0	9	0
Otu00157	0	0	0	0	0	0	0	3	0	0	0	0	0	1	0	1	0	1	4	0
Otu00158	0	0	0	0	0	0	0	0	0	0	0	0	1	1	0	0	29	1	129	0
Otu00160	0	248	0	0	0	0	0	12	103	0	0	9	19	0	0	12	1	1	0	0
Otu00161	0	0	0	0	0	0	0	0	2	2	0	2	0	0	2	0	20	8	32	4
Otu00162	0	0	1	0	0	1	0	0	0	3	0	3	1	22	0	8	29	4	0	21
Otu00163	0	0	0	0	0	0	0	0	29	6	0	0	0	0	0	0	0	0	0	82
Otu00164	14	0	0	0	0	3	0	2	8	25	0	2	1	3	8	9	16	4	0	29
Otu00167	0	0	0	0	0	0	0	0	0	0	0	0	0	0	0	0	0	0	53	0
Otu00168	0	0	0	1	0	0	0	0	0	0	3	1	1	8	1	1	0	0	0	0
Otu00169	172	2	4	9	0	4	0	0	8	0	8	1	632	0	9	4	0	0	0	0
Otu00170	7	0	0	1	72	0	0	0	15	0	0	2	41	119	11	22	0	0	0	1
Otu00172	0	1	0	32	0	0	22	0	9	135	0	0	0	1	0	0	0	0	0	0
Otu00173	2	0	0	7	15	0	0	0	0	0	12	1	0	22	30	0	0	0	0	0
Otu00174	0	0	0	13	4	0	0	0	0	0	6	0	4	6	0	10	9	0	1	0
Otu00175	0	0	0	0	0	0	0	0	0	0	0	0	0	0	6	0	0	0	303	0
Otu00176	0	0	0	0	0	0	0	7	0	0	50	0	0	0	0	0	0	0	0	0
Otu00177	0	0	0	0	0	0	0	30	0	0	0	0	0	0	0	0	0	0	0	0
Otu00178	0	1	0	2	0	0	38	0	0	31	0	0	0	0	0	0	0	0	0	0
Otu00179	0	0	1	0	0	0	0	0	1	0	0	1	0	0	0	82	48	4	1	0
Otu00180	0	0	0	0	0	0	0	0	0	0	0	0	0	0	0	0	0	10	0	0
Otu00182	0	0	0	0	0	0	0	0	0	0	2	0	0	0	0	0	44	2	16	0
Otu00183	0	0	0	0	0	0	0	0	0	0	5	0	0	0	0	0	0	0	0	885
Otu00184	0	0	0	0	0	0	0	0	0	0	7	3	0	0	0	4	0	0	2	0
Otu00185	4	1	13	0	42	5	1	1	0	0	0	0	0	0	3	0	0	4	0	0
Otu00187	0	0	0	0	0	0	0	0	0	0	0	0	0	0	64	0	0	0	0	0
Otu00189	0	31	18	4	0	0	3	49	0	1	1	3	102	2	7	0	13	1	6	16
Otu00190	0	0	0	0	0	0	0	0	0	0	55	18	0	24	62	5	0	0	0	0
Otu00191	0	0	0	0	0	0	0	0	0	0	0	0	0	0	0	0	0	0	0	22
Otu00192	0	0	1	1	0	0	0	0	0	0	0	5	19	0	0	9	34	0	0	0
Otu00193	0	0	0	0	0	0	0	0	0	0	0	0	12	0	0	0	0	0	0	0
Otu00194	7	0	0	0	4	0	0	0	0	0	0	0	0	0	28	0	0	0	0	0
Otu00196	1	0	11	0	0	16	0	12	0	8	10	0	102	0	2	3	0	0	0	25
Otu00198	0	0	23	0	0	0	1	0	0	0	0	0	32	35	0	0	0	12	0	0
Otu00199	0	0	0	0	0	0	0	5	1	7	0	0	0	0	0	0	1	4	33	11
Otu00200	0	0	3	1	0	1	0	0	0	0	5	6	4	1	6	3	0	0	0	0
Otu00201	1	0	0	0	0	0	3	1	0	13	0	0	0	0	0	0	15	6	131	0
Otu00203	0	1	11	0	0	0	0	0	0	0	0	0	0	1	0	0	0	0	0	0
Otu00204	22	0	4	0	0	0	0	0	0	0	0	6	0	0	2	0	0	0	10	45
Otu00206	0	0	0	2	0	0	0	0	0	0	0	0	0	0	56	2	0	35	57	0
Otu00207	0	0	0	0	0	0	0	0	3	0	0	0	0	0	0	1	0	0	0	0
Otu00208	0	0	0	0	0	0	0	0	0	0	1	22	0	26	47	1	7	0	12	12
Otu00210	1	0	0	6	0	0	16	0	0	3	0	0	0	0	0	0	0	0	0	0
Otu00211	0	0	0	0	0	0	0	0	0	0	0	0	2	0	4	0	1	0	0	0
Otu00213	0	0	0	19	0	0	0	0	0	0	23	13	189	4	0	1	0	0	0	0
Otu00217	0	0	0	0	0	0	0	0	0	0	182	0	0	34	25	0	0	0	0	0
Otu00218	0	99	0	0	7	0	0	0	0	0	0	13	0	2	0	9	0	0	0	0
Otu00221	0	1	0	0	0	0	1	0	0	0	0	151	0	0	0	37	0	0	0	0
Otu00222	23	0	0	1	0	15	0	0	0	0	0	4	0	0	0	0	0	0	0	0
Otu00223	0	0	0	0	0	0	0	0	0	0	0	0	0	0	6	1	0	0	0	1
Otu00224	0	0	0	0	0	5	3	1	0	0	5	32	0	7	24	9	0	0	0	0
Otu00225	1	0	4	3	2	0	0	0	14	0	0	11	0	0	0	15	5	0	0	0
Otu00226	0	0	0	4	0	0	2	0	0	0	0	17	9	0	0	0	0	0	0	0
Otu00232	0	0	0	0	0	0	1	0	0	0	0	0	0	0	0	0	0	0	4	0
Otu00233	0	0	0	0	0	0	0	0	0	0	0	0	0	0	0	0	0	5	0	0
Otu00234	0	1	0	0	0	0	0	348	1	101	0	0	0	0	0	0	0	0	0	0
Otu00235	0	3	0	0	0	0	0	3	0	0	16	0	25	0	6	0	0	5	0	0
Otu00236	19	0	0	0	25	0	0	0	0	0	0	0	17	2	9	4	7	7	0	0
Otu00237	0	0	0	0	0	0	2	0	0	0	1	0	0	0	0	0	0	0	7	0
Otu00238	0	0	9	3	0	0	0	0	0	0	0	0	0	0	0	0	0	0	0	0
Otu00240	0	2	0	7	0	0	0	0	4	0	0	0	138	9	1	3	0	0	0	0
Otu00241	0	0	0	0	0	0	0	0	0	0	0	0	0	0	1	0	57	0	32	0
Otu00243	0	0	0	0	0	0	11	0	0	0	0	0	0	0	0	0	0	0	0	0
Otu00245	0	0	8	3	0	0	0	4	33	0	0	0	0	1	20	0	0	0	0	0
Otu00247	0	0	15	0	0	0	0	0	0	0	0	0	0	0	4	0	0	0	0	0
Otu00248	0	0	0	1	0	0	0	2	102	1	72	2	10	30	1	8	0	5	32	10
Otu00249	0	0	0	0	4	0	0	0	0	0	0	0	0	20	0	0	0	0	0	0
Otu00250	0	0	1	9	11	50	0	0	0	0	0	2	0	0	0	0	0	0	0	0
Otu00251	0	0	0	0	0	0	16	0	0	0	0	0	26	0	0	0	0	0	0	0
Otu00252	0	0	0	0	0	0	0	0	0	40	0	0	0	0	0	0	0	0	0	0
Otu00255	0	0	0	0	0	0	0	0	0	0	15	0	0	0	0	0	0	120	79	0
Otu00256	0	0	0	0	0	0	0	0	0	20	0	0	0	0	0	0	0	0	0	0
Otu00257	0	51	19	1	0	84	0	0	0	0	0	0	41	0	0	34	0	0	0	0
Otu00259	0	0	0	0	0	0	0	0	3	0	0	0	0	0	0	0	0	0	0	0
Otu00260	0	0	0	0	0	0	0	0	0	9	0	0	0	8	0	1	0	0	0	0
Otu00261	0	0	0	0	0	0	0	0	0	0	0	0	0	0	0	0	0	59	0	0
Otu00262	0	0	0	1	0	0	0	0	0	0	48	6	10	2	21	12	0	0	0	0
Otu00263	0	26	17	17	21	27	0	0	0	0	0	1	0	0	96	1	0	0	11	0
Otu00264	0	0	0	0	0	0	0	0	9	1	0	0	0	0	1	0	0	4	44	0
Otu00265	0	0	0	0	0	0	0	0	5	11	0	0	0	0	0	0	0	2	0	0
Otu00266	0	0	0	0	0	0	0	0	0	0	43	32	0	0	38	0	0	0	0	0
Otu00269	0	0	0	0	0	0	0	0	0	0	0	0	0	0	2	0	0	0	45	0
Otu00270	0	0	0	0	0	0	0	28	3	3	0	0	0	0	0	0	13	2	5	0
Otu00271	0	0	0	0	0	0	0	0	0	0	0	0	0	0	0	0	0	26	10	0
Otu00272	0	0	1	0	0	0	0	0	1	0	0	3	0	0	5	2	5	0	17	2
Otu00274	0	0	4	0	354	0	0	0	0	0	1	0	0	0	0	10	0	0	0	22
Otu00275	0	8	0	0	0	5	0	0	0	0	0	57	0	5	28	2	0	0	0	0
Otu00276	0	0	0	0	0	0	1	0	2	0	0	0	0	0	0	0	0	0	0	39
Otu00277	0	140	4	0	0	9	0	0	0	0	132	0	0	0	0	0	0	0	67	0
Otu00278	0	0	0	6	0	0	0	0	0	0	0	0	0	0	18	0	0	0	0	0
Otu00280	0	0	1	0	0	1	0	0	0	0	13	3	5	17	21	4	6	0	0	0
Otu00281	0	0	0	0	0	0	0	0	0	0	89	0	0	0	0	0	0	0	0	0
Otu00282	0	0	21	0	0	0	0	0	0	0	24	13	2	9	4	0	0	1	0	0
Otu00283	0	0	0	0	0	0	0	0	2	0	0	0	1	0	0	0	38	0	2	0
Otu00284	0	0	0	0	0	0	0	0	0	1	11	121	1	2	24	13	0	0	2	1
Otu00285	0	0	0	7	0	0	0	0	0	0	0	0	212	13	0	0	0	0	0	0
Otu00286	0	0	0	0	0	0	0	0	0	0	12	0	1	22	32	6	0	0	0	0
Otu00287	1	0	0	0	0	0	0	0	56	0	0	0	0	0	0	0	0	17	10	225
Otu00288	0	0	0	0	0	0	0	0	3	0	0	0	0	1	2	0	0	1	5	0
Otu00290	0	0	0	0	0	0	0	0	0	15	0	0	0	0	0	0	0	2	1	0
Otu00291	0	0	0	0	0	0	0	0	40	0	0	0	3	4	0	0	1	0	13	100
Otu00292	0	1	29	1	0	2	1	1	0	1	24	4	0	1	2	0	0	0	0	0
Otu00293	0	0	0	0	0	0	7	15	0	0	0	3	0	1	2	3	0	0	0	0
Otu00294	0	0	0	0	0	0	0	0	6	0	0	0	0	0	0	0	0	0	0	0
Otu00295	0	3	1	2	0	1	10	0	0	1	0	0	0	2	17	4	0	2	8	1
Otu00297	0	0	0	1	0	0	10	1	0	37	0	0	0	0	0	0	0	0	0	0
Otu00298	8	0	23	0	0	0	0	0	0	0	0	16	0	0	0	1	0	0	0	0
Otu00299	0	0	0	0	0	0	0	0	0	0	9	0	0	0	0	0	0	0	0	0
Otu00301	0	0	0	14	0	0	0	0	0	0	3	0	0	0	3	1	0	0	0	0
Otu00304	0	0	0	6	2	0	0	0	0	0	0	0	0	0	0	0	0	1	1	0
Otu00306	0	0	0	0	0	0	0	0	0	0	2	0	0	0	0	0	0	1	0	0
Otu00307	0	0	0	0	0	0	0	0	0	10	0	0	48	2	6	0	0	0	0	0
Otu00308	0	9	0	0	6	0	0	0	7	0	0	0	236	9	0	10	0	0	0	0
Otu00310	0	2	6	0	1	0	0	0	0	6	0	0	3	0	9	2	0	20	20	16
Otu00313	0	0	0	0	0	0	0	0	0	0	0	0	0	0	3	0	0	0	0	0
Otu00314	0	1	0	22	0	0	0	1	0	0	17	0	15	0	0	0	0	0	1	0
Otu00315	0	0	0	0	0	1	0	0	50	3	0	0	0	0	0	0	9	8	64	0
Otu00316	0	0	0	0	0	0	0	0	0	0	0	0	0	0	0	0	36	1	28	40
Otu00318	0	0	0	0	0	0	0	0	10	69	0	0	0	0	0	1	0	0	0	0
Otu00320	14	1	15	0	0	0	0	0	3	0	0	0	0	0	0	0	0	31	23	0
Otu00321	0	0	0	0	0	0	0	0	0	0	0	0	0	39	0	0	0	0	0	0
Otu00322	0	0	0	0	0	0	0	0	0	0	95	0	0	6	9	0	0	0	0	0
Otu00324	0	0	6	9	0	0	0	0	0	0	7	11	24	0	12	14	1	0	0	0
Otu00325	0	0	0	0	0	0	0	0	0	0	6	8	0	0	0	2	0	0	0	0
Otu00326	0	0	0	0	0	0	0	0	0	0	0	22	0	2	392	0	0	0	0	0
Otu00328	0	0	21	4	0	0	0	0	0	0	0	0	0	0	38	1	0	0	7	0
Otu00329	0	0	0	0	1	0	0	0	0	0	0	0	0	0	0	7	0	0	8	0
Otu00330	0	0	0	1	0	5	1	0	0	0	0	0	0	0	0	0	0	0	0	0
Otu00331	3	0	3	0	0	3	0	1	0	2	0	17	4	8	12	7	0	0	8	0
Otu00335	0	1	0	0	0	0	0	0	0	0	0	0	2	1	0	0	0	0	0	0
Otu00338	0	0	0	0	0	0	0	0	113	0	0	0	0	0	0	0	0	0	0	0
Otu00340	24	0	3	0	0	0	0	0	0	0	0	0	0	0	0	1	0	0	0	0
Otu00341	0	0	0	0	0	0	0	0	2	0	6	0	0	4	11	0	1	0	51	0
Otu00344	0	0	0	0	0	0	0	2	2	0	0	0	0	0	0	0	0	0	0	0
Otu00345	0	0	0	0	0	0	0	0	0	0	75	3	0	8	1	0	0	0	0	0
Otu00346	0	19	0	0	0	0	0	0	0	0	0	12	0	0	0	4	0	0	0	0
Otu00347	0	0	0	0	0	0	0	0	0	0	61	1	0	0	0	0	0	0	0	0
Otu00348	0	0	0	0	0	0	28	0	0	0	0	3	0	0	0	0	0	0	0	0
Otu00349	0	0	0	0	0	0	0	0	0	0	1	19	0	11	2	0	0	0	1	0
Otu00350	0	0	0	0	0	0	0	136	0	251	0	0	0	0	0	0	0	0	0	0
Otu00353	0	0	0	0	0	0	0	0	0	0	0	0	0	0	0	0	29	0	0	0
Otu00355	0	0	0	0	0	0	0	0	0	0	0	0	0	0	0	0	0	2	0	13
Otu00356	0	0	0	0	0	0	0	0	0	0	0	15	0	0	0	42	0	0	0	0
Otu00357	0	0	0	0	0	0	0	0	0	0	0	0	0	0	0	0	3	3	4	0
Otu00360	0	0	0	0	0	0	0	0	0	0	0	0	0	0	0	0	0	3	118	0
Otu00363	0	6	0	0	0	0	0	0	1	0	0	0	0	0	0	0	0	0	0	0
Otu00366	0	0	0	0	0	0	0	0	0	0	0	0	42	1	1	3	0	0	0	0
Otu00367	0	0	0	0	0	0	2	0	0	3	0	0	0	0	0	0	0	0	0	0
Otu00368	0	0	0	0	0	0	12	0	0	0	0	1	0	0	0	0	0	0	0	0
Otu00369	0	0	0	0	0	0	0	0	79	33	0	0	0	0	0	0	0	0	0	0
Otu00370	0	0	0	0	0	0	0	0	0	0	0	1	1	8	0	0	0	0	0	0
Otu00371	0	0	0	1	10	0	0	0	0	0	7	0	11	0	0	2	0	0	7	0
Otu00373	0	0	0	0	0	0	0	0	0	0	0	0	0	0	0	0	309	0	0	0
Otu00374	0	1	0	3	5	5	0	0	0	0	5	6	0	0	2	20	0	0	0	0
Otu00376	0	0	0	0	0	0	0	0	0	0	0	0	0	0	0	0	0	3	0	0
Otu00378	0	2	4	0	1	0	0	1	0	0	2	0	0	3	1	1	0	0	0	18
Otu00379	1	0	4	3	0	0	0	0	0	0	4	4	0	8	5	6	0	1	0	1
Otu00383	0	0	0	0	0	0	0	0	0	0	0	0	9	0	1	0	0	0	0	0
Otu00384	0	0	0	0	0	0	3	0	0	0	0	0	0	0	0	0	0	0	0	0
Otu00387	0	0	0	0	0	0	0	6	3	19	0	0	0	0	0	0	0	0	0	0
Otu00388	0	0	0	0	0	0	0	0	12	18	0	0	0	0	3	0	0	0	0	0
Otu00389	0	0	0	0	0	0	0	0	8	0	0	0	0	0	48	0	0	0	0	22
Otu00391	0	0	0	0	0	0	0	0	6	11	0	0	0	0	0	0	0	6	37	12
Otu00392	0	0	0	0	0	0	0	0	0	0	0	0	0	0	0	0	3	0	0	0
Otu00393	0	0	0	0	0	0	0	0	0	0	0	10	0	0	0	0	0	0	0	0
Otu00396	0	1	4	0	1	3	0	0	0	0	0	1	0	1	20	0	0	0	3	0
Otu00397	0	2	0	0	0	0	0	0	0	0	0	0	1	0	0	0	0	5	0	42
Otu00398	0	0	1	0	0	0	2	0	0	0	5	37	0	1	6	2	0	1	0	0
Otu00399	0	0	1	0	0	0	0	0	0	0	0	0	0	0	0	0	0	2	0	0
Otu00400	0	0	0	4	0	0	0	0	0	0	0	0	0	0	0	0	0	0	0	0
Otu00401	0	0	0	0	0	0	0	0	0	0	0	0	0	7	3	0	21	0	44	0
Otu00402	0	0	6	1	0	0	0	0	0	0	0	0	0	3	0	0	0	0	0	0
Otu00403	0	0	0	0	0	0	53	0	0	6	0	0	0	0	0	0	0	0	0	0
Otu00404	0	0	0	0	0	0	0	0	0	0	0	0	0	11	5	0	0	0	0	0
Otu00408	0	0	0	2	0	0	0	0	0	0	0	0	0	0	0	0	102	0	0	0
Otu00412	0	0	2	0	16	0	0	0	0	0	0	0	0	0	0	0	0	0	0	0
Otu00413	0	17	0	1	1	8	0	0	0	0	0	0	0	1	0	0	0	0	0	0
Otu00415	0	0	0	0	0	0	0	0	0	38	0	0	0	0	0	0	0	12	20	0
Otu00416	2	0	0	0	0	0	1	0	0	0	0	0	0	1	1	0	0	0	0	0
Otu00418	0	5	1	0	0	0	0	0	0	18	0	0	0	0	0	0	0	0	0	0
Otu00419	0	0	0	0	0	0	0	4	0	1	1	1	0	0	3	1	0	0	2	0
Otu00422	0	7	0	0	5	0	0	0	0	0	0	1	0	4	1	0	0	0	0	0
Otu00423	0	0	1	2	0	0	0	0	0	0	128	0	20	9	0	1	0	0	0	0
Otu00424	0	15	0	0	0	0	0	0	0	0	0	0	0	1	0	0	0	0	0	0
Otu00425	0	0	0	0	0	0	6	0	0	0	0	0	0	0	0	0	0	0	0	0
Otu00426	0	0	0	0	0	0	1	0	5	15	0	1	27	0	4	3	0	2	0	0
Otu00427	0	1	0	0	0	0	4	0	1	0	0	6	0	0	4	2	0	3	6	0
Otu00428	0	0	0	0	0	0	0	0	0	0	0	0	0	0	1	0	0	2	0	0
Otu00429	0	0	0	0	0	0	0	0	0	0	7	4	0	2	0	10	0	0	0	0
Otu00431	0	0	0	0	0	0	51	0	0	1	0	0	0	0	0	0	0	0	0	0
Otu00432	0	0	1	0	0	0	0	0	0	0	0	0	0	2	0	1	0	0	0	0
Otu00434	0	0	0	0	0	0	0	0	0	0	263	0	1	0	0	0	0	0	0	0
Otu00436	0	0	0	2	0	0	0	0	0	0	0	0	0	0	0	0	0	7	0	0
Otu00437	0	0	0	0	0	0	0	0	0	20	0	0	0	0	0	0	0	0	0	0
Otu00442	0	0	4	0	0	0	1	0	0	0	101	3	0	0	1	3	0	0	0	0
Otu00446	0	0	0	0	0	0	0	11	0	0	0	0	0	0	0	0	3	0	0	0
Otu00447	0	0	0	0	0	0	0	0	0	0	0	0	0	1	3	0	0	0	0	23
Otu00448	0	0	0	0	0	19	1	0	0	0	0	0	33	0	0	0	0	0	0	0
Otu00450	2	0	0	0	0	3	3	0	0	0	0	1	0	0	3	2	0	0	0	0
Otu00451	0	0	0	0	0	0	24	0	0	0	0	0	0	0	0	0	0	0	0	0
Otu00452	0	0	0	0	3	0	0	0	0	7	0	0	1	0	0	1	0	0	0	0
Otu00453	0	0	0	0	0	0	0	0	0	0	0	0	0	0	6	2	0	0	0	0
Otu00454	0	0	1	0	0	0	5	0	0	0	1	0	0	0	0	0	0	0	0	0
Otu00455	0	0	0	0	0	0	0	0	26	0	0	0	0	0	0	0	0	0	0	0
Otu00458	0	0	0	0	0	0	0	0	0	0	0	0	0	0	0	0	4	6	4	1
Otu00460	0	0	0	0	0	0	0	0	0	0	0	0	0	0	0	0	0	0	10	0
Otu00464	0	0	1	3	0	0	0	0	0	0	0	2	0	3	0	1	0	0	0	0
Otu00465	0	0	0	0	0	0	0	0	0	0	0	0	0	14	0	0	0	0	0	0
Otu00467	0	0	0	2	0	0	0	0	6	0	0	0	0	0	0	0	0	0	35	0
Otu00468	0	0	0	0	0	0	2	0	1	0	0	2	0	0	1	0	0	7	17	0
Otu00469	0	0	0	0	0	0	0	0	0	0	13	32	0	2	46	3	0	0	0	0
Otu00470	160	0	0	0	0	0	0	0	0	0	0	0	0	0	0	0	0	0	0	0
Otu00473	0	0	0	0	0	0	0	0	0	0	15	1	0	0	0	2	0	0	0	0
Otu00475	0	0	0	0	0	0	0	0	0	0	0	0	0	0	0	0	25	0	0	0
Otu00476	0	0	0	0	0	0	0	0	0	0	11	0	0	0	0	0	0	0	0	0
Otu00478	0	3	0	0	0	4	0	0	0	3	4	0	0	4	2	0	0	1	0	0
Otu00479	0	0	0	48	0	0	17	0	0	0	0	0	0	0	0	0	0	0	0	0
Otu00481	0	0	0	0	0	0	0	0	2	3	4	0	5	3	2	0	0	0	0	0
Otu00483	0	0	0	0	0	0	12	0	0	0	0	3	0	0	0	0	0	0	0	0
Otu00484	0	0	0	0	0	0	0	0	0	0	4	0	0	0	0	0	0	0	0	0
Otu00486	21	2	11	2	0	2	0	0	0	0	6	6	0	0	4	0	0	2	0	0
Otu00487	0	0	28	0	0	0	0	0	0	0	9	0	0	0	2	4	0	0	12	0
Otu00488	0	0	0	0	0	0	0	0	0	0	0	0	0	0	0	0	30	0	0	0
Otu00490	0	0	6	0	0	0	0	0	0	0	0	0	0	0	0	0	0	0	0	0
Otu00491	0	0	0	0	0	0	0	0	0	34	0	0	0	0	0	0	0	4	0	0
Otu00494	0	0	0	0	2	1	0	0	0	0	0	5	0	1	0	1	0	0	0	0
Otu00495	3	0	0	1	1	0	0	1	3	0	2	0	1	2	0	0	0	0	0	4
Otu00497	0	0	10	0	0	0	0	0	0	0	0	0	0	0	2	0	0	0	0	0
Otu00498	0	0	0	0	0	0	0	0	3	0	0	0	0	0	0	0	0	0	0	0
Otu00501	0	0	0	1	0	0	0	0	34	30	0	0	0	0	0	0	0	1	0	0
Otu00502	0	0	4	1	0	0	0	0	0	0	0	0	0	0	0	0	0	0	0	0
Otu00503	0	0	0	0	232	0	0	0	0	0	0	0	0	0	0	0	0	0	0	0
Otu00505	0	1	0	0	0	0	0	3	0	6	0	0	0	0	0	0	0	0	0	0
Otu00506	0	0	0	3	0	0	0	0	0	0	0	14	0	0	0	3	0	0	0	0
Otu00509	0	0	0	0	0	0	0	0	0	0	0	0	0	0	0	0	0	0	20	0
Otu00511	0	0	0	0	0	0	0	0	0	9	0	0	0	0	0	0	0	0	0	0
Otu00512	0	0	0	0	0	0	0	0	0	6	0	0	0	2	9	0	0	0	0	0
Otu00513	0	0	4	0	0	4	0	0	0	0	0	0	4	0	2	2	0	0	0	0
Otu00516	0	0	0	0	0	0	0	7	0	1	0	0	0	0	0	0	0	0	0	0
Otu00517	0	0	0	0	0	0	25	0	0	0	0	1	0	0	0	1	0	0	0	0
Otu00518	0	0	0	16	0	0	0	0	0	0	0	0	0	0	0	0	0	0	10	0
Otu00520	0	0	0	0	0	0	8	0	0	0	0	0	0	0	0	0	0	0	0	0
Otu00521	0	0	0	0	0	0	0	0	0	4	0	0	0	0	0	0	0	5	0	0
Otu00523	0	0	0	0	0	0	0	1	0	0	0	1	0	1	4	1	0	0	8	0
Otu00524	0	0	0	0	0	0	2	2	0	1	0	0	0	0	0	0	0	0	0	0
Otu00525	0	1	0	0	0	0	1	1	0	0	0	0	0	0	0	0	0	0	0	0
Otu00526	0	0	0	1	0	0	0	0	0	1	0	0	0	1	0	13	0	0	0	0
Otu00530	0	0	0	0	0	0	5	0	0	0	0	0	0	0	0	0	0	0	1	0
Otu00532	0	0	0	0	1	0	1	0	1	7	0	0	0	0	0	0	0	0	5	4
Otu00533	0	3	0	0	0	14	1	0	0	0	0	0	0	0	0	0	0	0	0	24
Otu00535	0	0	0	0	0	0	0	0	0	0	0	0	0	0	14	0	0	0	19	0
Otu00537	0	0	0	0	0	0	0	0	0	0	0	0	99	0	0	0	0	0	0	0
Otu00542	0	0	0	0	0	0	0	0	0	33	0	0	0	0	2	0	0	0	0	0
Otu00543	0	0	0	7	0	0	0	0	0	0	0	1	0	0	0	1	0	0	0	0
Otu00544	0	0	0	0	0	0	0	6	0	2	0	0	0	0	0	0	0	0	0	0
Otu00554	0	0	1	0	0	0	0	0	0	3	1	0	0	37	1	2	0	0	0	0
Otu00555	0	0	3	0	6	0	0	0	0	0	0	0	0	0	0	0	0	0	0	0
Otu00558	0	0	0	0	0	0	0	0	0	0	0	0	0	0	0	0	0	0	6	0
Otu00563	0	0	1	0	0	0	0	0	0	0	4	0	0	1	0	6	0	3	8	0
Otu00565	0	0	0	0	0	0	0	0	0	0	12	1	4	0	1	1	0	0	0	0
Otu00568	0	0	0	0	0	0	0	0	0	0	0	0	0	0	0	0	0	0	6	0
Otu00569	0	0	0	0	0	0	0	0	3	0	0	0	0	0	0	0	0	4	0	14
Otu00574	0	0	0	0	0	3	0	0	0	0	0	0	0	0	0	0	0	0	0	0
Otu00575	0	0	0	0	0	0	0	0	0	0	0	0	0	0	0	0	0	4	8	0
Otu00576	0	0	0	0	0	0	0	0	16	0	0	0	0	0	12	0	0	0	0	0
Otu00578	0	0	0	0	0	0	0	0	0	0	14	1	0	0	0	1	0	0	0	0
Otu00579	0	0	0	0	0	0	0	0	1	14	0	1	15	4	0	0	0	2	0	0
Otu00580	0	0	0	0	0	0	0	0	0	0	0	0	19	0	0	0	0	2	0	0
Otu00583	0	0	0	0	0	0	0	0	0	0	0	0	0	0	21	0	0	0	0	0
Otu00586	0	0	2	0	0	0	0	82	0	0	0	0	0	0	0	0	0	0	0	0
Otu00588	0	0	0	0	0	0	0	0	0	6	0	0	0	0	0	0	0	0	0	0
Otu00589	0	0	19	0	0	0	0	0	0	0	0	0	0	0	0	0	0	0	0	0
Otu00590	0	0	0	10	0	0	0	0	0	0	3	0	0	1	0	9	0	0	0	0
Otu00591	0	0	0	0	0	0	0	1	44	6	0	0	0	0	0	0	0	4	0	7
Otu00592	0	0	0	0	0	0	0	0	12	0	0	0	0	11	0	0	0	0	0	0
Otu00594	0	2	0	0	0	0	0	0	0	0	0	0	0	0	0	0	0	1	0	0
Otu00595	0	0	0	0	0	0	0	0	0	54	0	0	0	0	0	0	0	0	0	0
Otu00597	0	0	0	0	0	0	25	0	0	0	0	0	0	0	0	0	0	0	0	0
Otu00598	0	0	0	0	0	0	0	0	0	0	0	11	0	0	0	2	0	0	0	0
Otu00601	0	0	0	2	0	0	0	0	1	4	13	0	3	1	0	12	0	0	0	0
Otu00603	2	0	0	0	0	3	0	0	0	0	0	1	1	1	0	0	0	0	0	7
Otu00604	0	0	0	0	0	0	0	0	0	0	0	0	0	0	0	0	6	0	0	0
Otu00605	0	0	0	0	0	0	0	0	0	0	0	5	0	0	0	0	0	0	0	0
Otu00607	0	0	0	0	0	0	0	0	0	0	18	2	6	3	2	4	0	0	0	0
Otu00608	0	0	0	0	0	14	0	0	0	0	0	0	0	0	0	6	0	0	0	0
Otu00609	0	0	0	1	0	0	0	0	0	0	0	0	0	0	0	0	0	12	13	0
Otu00610	0	0	0	0	0	0	0	0	1	0	0	0	0	1	0	0	0	1	0	2
Otu00613	0	0	0	3	0	0	0	0	2	7	0	0	0	0	3	0	0	2	0	21
Otu00614	0	0	7	0	0	0	0	3	0	0	0	0	0	0	0	0	0	0	0	0
Otu00617	0	0	0	1	0	0	0	0	0	0	0	4	11	5	0	3	2	0	1	2
Otu00618	0	0	0	1	0	0	28	0	0	0	0	0	0	0	0	3	0	0	0	0
Otu00620	0	0	0	0	0	0	0	0	0	19	0	0	0	0	0	0	0	0	0	0
Otu00625	0	0	0	0	0	0	0	0	0	0	0	0	0	0	0	0	0	10	93	0
Otu00627	0	0	1	0	0	1	0	0	0	0	3	1	1	0	1	12	0	0	0	0
Otu00628	0	0	0	1	0	0	0	0	0	0	0	3	6	2	1	2	0	0	0	0
Otu00629	0	0	0	0	0	14	0	0	0	0	0	0	0	0	0	0	0	0	0	0
Otu00630	0	0	0	0	0	0	0	0	0	0	0	0	0	0	0	0	0	14	32	0
Otu00631	0	0	0	4	0	0	0	0	0	0	0	2	1	2	7	1	0	0	0	0
Otu00632	0	0	0	0	0	0	0	0	0	0	0	2	2	1	2	1	0	0	0	0
Otu00633	0	0	0	0	0	0	0	0	0	0	0	0	0	0	0	0	0	0	5	0
Otu00635	1	0	0	0	0	0	0	0	8	2	0	0	0	0	0	0	0	0	0	0
Otu00637	0	0	0	0	0	0	2	1	0	1	0	2	0	0	0	0	0	0	1	0
Otu00638	0	0	0	0	0	0	0	0	0	0	0	0	0	0	5	0	0	0	0	0
Otu00639	0	0	0	0	0	0	6	0	0	0	0	0	0	0	0	0	0	0	0	0
Otu00640	0	0	0	0	0	0	0	0	0	0	18	2	0	0	0	0	0	0	0	0
Otu00641	0	0	0	0	0	0	0	0	0	0	0	0	0	0	5	0	0	0	0	0
Otu00642	0	0	0	0	0	0	0	0	0	0	0	1	0	0	3	0	0	0	0	0
Otu00644	0	0	1	0	1	2	1	1	3	0	0	0	0	0	0	0	0	0	0	0
Otu00646	0	0	0	0	0	0	0	0	0	0	0	0	0	0	0	0	0	19	0	0
Otu00649	0	0	0	0	0	0	0	0	0	0	4	1	5	0	0	1	0	0	0	0
Otu00650	0	0	0	0	0	0	0	0	0	0	5	3	0	2	0	0	0	0	0	0
Otu00653	0	0	0	1	3	0	0	0	0	0	0	0	0	2	0	0	0	0	0	0
Otu00654	1	0	1	1	7	13	0	0	0	0	0	0	0	0	0	0	0	0	0	0
Otu00656	0	0	0	0	0	0	2	0	0	11	0	0	0	0	0	0	0	3	0	0
Otu00660	0	0	0	0	0	0	0	0	0	0	0	4	0	0	0	0	0	0	0	0
Otu00664	0	0	0	0	0	0	0	0	0	0	9	0	0	0	0	0	0	0	0	0
Otu00666	0	0	0	0	0	0	0	0	0	0	0	0	0	0	0	0	0	9	0	0
Otu00667	0	0	0	0	0	0	0	0	0	0	0	1	10	0	0	0	0	0	0	0
Otu00668	0	0	1	0	0	0	0	2	14	0	0	0	0	0	0	0	0	0	0	0
Otu00669	0	0	0	0	0	0	0	0	0	0	0	4	0	0	2	0	0	0	0	0
Otu00671	0	0	0	5	0	0	9	1	0	2	0	0	0	0	0	0	0	0	0	0
Otu00674	0	0	0	0	0	0	0	4	0	95	0	0	0	0	0	0	0	0	0	14
Otu00675	0	0	0	0	0	0	0	0	0	0	0	3	6	3	1	1	0	0	0	0
Otu00679	2	0	0	0	0	0	0	0	0	0	0	18	0	0	17	1	0	0	6	0
Otu00683	0	0	0	5	0	0	0	0	0	0	2	0	0	2	3	6	0	0	0	0
Otu00685	12	0	0	0	0	0	0	0	0	0	0	0	0	0	0	0	0	0	0	0
Otu00686	0	0	0	0	0	0	0	2	0	18	0	0	0	0	0	0	0	0	0	0
Otu00688	0	0	0	0	0	0	0	0	0	0	0	0	0	0	37	0	0	0	0	0
Otu00689	2	0	0	0	0	0	0	0	0	0	0	0	0	0	0	2	0	0	0	0
Otu00690	0	0	0	0	0	0	0	0	0	0	0	0	0	0	0	29	0	0	0	0
Otu00693	0	0	0	3	0	0	6	0	0	3	0	0	0	0	0	0	0	0	0	0
Otu00694	0	0	0	0	0	0	0	0	0	0	0	2	0	0	2	1	0	1	0	0
Otu00697	0	0	0	0	0	0	0	0	0	0	1	2	0	0	0	0	0	0	0	0
Otu00698	0	0	0	0	0	0	0	0	0	0	0	2	0	0	0	0	29	0	0	0
Otu00699	0	0	0	0	1	0	0	0	0	0	0	1	0	10	0	10	0	0	0	0
Otu00702	2	0	0	0	0	0	0	0	3	0	1	0	1	1	0	0	0	0	0	1
Otu00704	0	0	0	0	0	0	0	0	0	0	0	6	0	0	14	0	0	6	0	0
Otu00705	0	0	0	0	0	0	0	0	0	0	0	0	0	0	0	0	0	2	49	0
Otu00706	0	0	0	0	0	0	0	0	0	0	0	0	0	0	0	0	0	0	0	16
Otu00709	5	0	2	2	0	0	0	0	0	0	0	1	16	0	0	0	0	5	0	0
Otu00710	0	1	0	0	0	0	0	0	0	0	0	0	0	0	21	0	0	0	0	0
Otu00711	0	0	0	0	0	0	0	0	0	0	0	0	58	0	0	0	0	0	19	0
Otu00713	0	0	0	0	0	0	0	0	0	0	0	0	0	0	0	0	0	3	4	0
Otu00715	0	0	0	0	1	0	0	0	0	0	0	0	0	0	0	0	13	0	0	0
Otu00718	0	0	6	0	0	0	0	0	0	0	0	0	0	0	0	0	0	0	0	0
Otu00719	0	0	0	0	0	0	0	0	0	0	0	0	0	0	0	0	0	4	0	0
Otu00721	0	0	0	0	0	0	2	68	0	0	0	0	0	0	0	0	0	0	0	0
Otu00723	0	1	1	0	3	0	0	0	0	0	0	0	0	1	0	1	0	0	0	0
Otu00724	0	0	0	0	1	0	0	0	0	0	4	0	1	0	2	0	1	1	0	0
Otu00726	0	0	0	7	0	0	0	0	0	0	0	0	0	0	0	0	0	0	0	0
Otu00727	0	0	1	0	0	2	0	0	0	0	0	0	0	0	0	0	0	0	0	0
Otu00730	0	0	0	0	0	0	0	0	6	0	0	0	0	0	0	0	0	0	0	0
Otu00733	0	1	0	0	0	1	0	0	3	0	0	0	0	0	0	0	1	0	0	1
Otu00736	0	0	0	1	0	0	0	0	0	0	0	0	1	0	1	0	0	2	1	11
Otu00739	0	0	0	0	0	0	13	0	0	0	0	0	0	0	0	0	0	0	0	0
Otu00740	0	0	4	0	0	0	0	0	0	0	0	0	0	0	0	0	0	0	0	0
Otu00742	0	0	0	0	0	0	0	0	0	0	31	0	0	0	2	0	0	0	0	0
Otu00743	0	2	1	0	1	0	2	0	0	0	0	0	0	0	1	0	0	5	0	0
Otu00745	0	0	1	0	0	0	0	0	0	0	0	1	0	0	5	0	0	0	0	2
Otu00746	0	0	0	0	0	0	0	0	0	0	0	0	0	0	0	0	0	0	16	0
Otu00752	0	0	0	0	0	0	0	3	0	0	0	0	0	0	0	0	0	0	11	0
Otu00756	0	0	0	0	0	0	0	0	0	0	0	1	0	0	1	0	0	1	0	0
Otu00757	0	0	0	0	0	0	0	0	0	0	0	0	0	0	0	0	0	6	0	0
Otu00760	0	0	4	0	0	0	0	0	0	0	0	0	0	0	0	0	0	10	2	0
Otu00762	0	0	0	2	2	1	0	0	0	0	0	0	1	1	0	0	0	0	0	0
Otu00763	0	0	0	0	0	0	0	11	0	0	0	0	0	0	0	0	0	0	0	0
Otu00764	0	0	0	0	0	0	0	0	0	0	0	0	0	0	0	0	0	3	20	0
Otu00765	0	0	0	0	0	0	16	0	0	0	6	0	0	0	0	0	0	0	0	0
Otu00766	0	0	0	0	0	0	1	0	0	5	0	0	0	0	0	0	0	0	0	0
Otu00773	0	15	4	0	0	3	0	0	0	0	0	0	0	0	0	0	0	0	0	0
Otu00775	0	0	3	0	0	0	0	54	0	0	0	0	0	0	0	3	0	0	0	0
Otu00776	0	0	0	0	0	0	0	0	5	0	0	0	0	0	0	0	0	0	7	17
Otu00777	0	0	0	0	0	0	25	0	0	0	0	0	0	0	0	0	0	0	0	0
Otu00778	0	0	0	0	0	0	0	0	2	0	0	0	0	0	0	0	0	0	3	0
Otu00780	0	0	0	0	0	0	0	90	0	0	0	0	0	0	0	0	0	0	0	0
Otu00782	0	0	0	0	0	0	1	0	0	0	0	19	0	0	2	1	0	0	0	0
Otu00786	0	0	0	0	0	0	0	0	0	0	0	0	0	0	0	0	0	0	0	79
Otu00787	0	0	0	6	0	0	15	0	0	0	0	0	0	0	0	0	0	0	0	0
Otu00788	0	0	0	0	0	0	4	0	0	0	0	0	0	0	0	0	0	0	0	0
Otu00789	0	0	0	0	0	0	0	0	1	0	0	0	0	0	0	0	0	1	1	6
Otu00790	0	0	0	0	0	0	0	0	0	0	0	0	0	2	1	0	0	3	0	0
Otu00791	0	0	1	0	0	0	2	0	0	0	0	0	0	1	0	0	0	1	0	0
Otu00793	0	0	0	0	0	5	0	0	0	0	0	0	0	0	0	0	0	0	0	0
Otu00797	0	0	3	0	0	0	0	1	0	1	0	0	1	0	0	0	0	1	2	0
Otu00798	0	0	2	0	0	0	0	0	1	0	0	0	0	0	0	0	0	0	0	0
Otu00803	0	0	0	9	0	0	1	0	0	0	0	0	0	0	0	0	0	0	0	0
Otu00804	0	0	0	0	0	2	0	0	0	0	0	0	26	0	0	0	0	0	0	0
Otu00806	0	0	0	0	0	7	0	0	0	0	0	0	0	0	0	0	0	0	0	0
Otu00810	0	0	1	2	2	0	0	0	4	0	1	0	1	0	1	0	0	0	0	0
Otu00814	0	0	0	0	0	0	0	0	0	0	0	0	0	0	0	0	0	0	5	0
Otu00815	2	0	0	0	0	0	0	0	0	1	1	1	0	0	0	0	0	0	1	0
Otu00816	0	0	0	0	0	0	0	0	0	0	0	0	0	0	4	0	0	0	0	0
Otu00818	0	19	0	0	0	0	0	0	0	0	0	0	0	0	0	0	0	0	0	0
Otu00823	0	0	0	1	0	0	0	0	0	0	0	0	0	0	0	0	0	4	0	0
Otu00824	0	0	0	0	19	0	0	0	0	0	0	0	0	0	1	0	0	0	0	0
Otu00827	0	0	0	0	0	0	0	0	0	0	67	0	0	0	0	0	0	0	0	0
Otu00828	2	1	1	0	0	0	0	0	0	0	12	0	5	0	0	2	0	0	0	0
Otu00830	0	0	0	0	0	0	0	0	0	0	0	0	0	0	0	0	23	0	0	0
Otu00832	0	0	0	0	0	0	0	0	2	14	0	0	0	0	0	0	0	0	0	0
Otu00833	0	0	8	0	0	0	0	0	0	0	0	0	0	0	0	0	0	0	0	0
Otu00835	0	2	0	0	0	2	0	0	0	0	0	0	0	0	0	0	0	0	0	2
Otu00837	0	0	0	0	0	0	0	0	0	0	0	0	56	0	2	0	0	0	0	0
Otu00841	0	0	0	6	0	0	5	0	0	0	0	0	0	0	0	0	0	0	0	0
Otu00842	0	0	0	0	0	0	0	0	0	0	0	0	0	0	0	0	0	0	4	0
Otu00844	0	0	0	0	0	0	0	0	3	0	0	0	0	0	0	0	0	4	2	0
Otu00845	0	0	0	0	0	0	0	0	0	0	5	0	0	0	0	0	0	1	0	0
Otu00846	0	0	0	0	0	0	0	0	0	0	0	1	0	1	1	2	0	0	0	0
Otu00851	0	0	0	0	0	0	0	0	15	0	0	0	0	0	0	0	0	0	0	0
Otu00854	0	0	0	0	0	0	0	0	0	1	0	0	0	0	1	0	0	0	1	2
Otu00855	0	0	0	0	0	0	1	0	0	0	0	0	0	0	0	0	0	6	0	0
Otu00857	0	0	0	0	0	0	8	0	0	0	0	0	0	0	0	0	0	0	0	0
Otu00858	0	0	0	17	0	0	4	0	0	4	0	0	0	0	0	0	0	0	0	0
Otu00859	0	1	1	1	0	0	0	0	0	0	0	0	0	0	0	0	0	0	0	0
Otu00865	0	0	0	0	0	0	0	0	0	0	0	0	8	2	0	0	0	0	0	0
Otu00866	0	0	12	0	0	0	0	0	0	0	0	12	0	0	0	4	0	0	0	0
Otu00867	0	0	0	0	0	0	0	0	0	0	31	0	0	3	0	0	0	0	0	0
Otu00868	0	0	0	0	0	0	4	0	0	0	0	0	0	0	0	0	0	0	0	0
Otu00871	0	0	0	0	0	0	0	0	0	0	0	0	0	0	0	0	0	7	0	0
Otu00873	0	0	0	0	0	0	0	0	0	0	0	0	0	0	0	24	0	0	0	0
Otu00874	0	0	0	0	0	0	0	0	0	0	16	1	0	0	7	0	0	0	0	0
Otu00879	0	0	0	0	0	0	0	0	0	0	0	6	0	0	28	4	0	0	0	0
Otu00882	0	0	0	0	0	0	0	0	0	74	0	0	0	0	0	0	0	0	0	0
Otu00883	0	0	15	0	0	0	0	0	0	0	0	0	0	0	0	0	0	0	0	0
Otu00884	0	0	0	0	0	0	0	0	0	0	0	0	0	0	0	0	0	10	0	0
Otu00885	3	7	0	0	0	0	0	0	0	0	0	0	0	0	0	5	0	0	0	0
Otu00888	0	0	0	1	0	0	0	0	0	5	0	0	0	0	9	0	0	0	0	0
Otu00890	0	0	0	0	0	0	0	0	0	0	0	0	0	0	0	0	0	5	0	0
Otu00892	0	0	0	0	0	1	0	0	0	0	0	0	2	0	0	0	0	0	0	0
Otu00898	0	1	3	0	0	0	0	0	0	0	0	0	0	0	0	1	0	0	0	0
Otu00900	0	0	0	0	0	0	0	0	0	0	6	0	0	0	2	0	0	0	0	0
Otu00902	0	0	0	0	0	0	0	0	0	0	1	5	0	0	0	0	0	0	0	0
Otu00905	0	0	0	0	0	0	0	4	1	1	0	0	0	0	0	0	1	1	2	0
Otu00906	0	0	0	2	0	0	0	0	0	0	0	0	1	0	0	2	0	0	0	0
Otu00907	0	0	0	0	0	0	0	50	0	0	0	0	0	0	0	0	0	0	0	0
Otu00909	0	8	1	0	0	0	0	0	0	0	0	1	0	0	0	0	0	0	0	0
Otu00912	0	0	0	0	0	0	0	0	0	0	0	0	0	0	0	0	0	0	4	0
Otu00913	0	0	0	0	0	0	15	0	0	0	0	0	0	0	0	0	0	0	0	0
Otu00920	0	0	0	0	0	0	9	0	0	0	0	0	0	0	0	0	0	0	0	0
Otu00921	0	0	0	0	0	0	2	0	0	0	0	0	0	0	0	0	1	0	0	0
Otu00927	0	0	0	0	0	0	0	0	0	0	12	0	0	0	0	0	0	0	0	0
Otu00930	0	0	0	0	0	0	0	0	0	0	0	2	0	0	0	0	0	1	0	0
Otu00931	0	0	0	1	0	0	0	0	0	0	0	0	0	0	30	0	0	0	0	0
Otu00936	0	0	0	0	0	0	0	0	0	0	2	0	0	0	0	1	0	0	0	0
Otu00939	0	2	0	0	0	1	0	7	0	0	0	0	0	0	6	0	0	0	0	0
Otu00941	0	0	0	0	0	0	0	0	4	0	0	0	0	0	0	0	4	1	2	9
Otu00944	0	8	0	0	0	0	0	0	0	0	0	0	0	1	0	0	0	0	0	0
Otu00947	0	0	0	0	0	0	0	0	0	0	1	0	0	4	2	0	0	0	0	0
Otu00949	0	0	0	0	0	0	0	0	0	0	2	0	0	1	0	0	0	1	0	0
Otu00950	0	0	0	0	0	0	0	3	0	0	0	0	0	0	0	0	0	0	0	0
Otu00955	0	0	0	0	0	0	0	0	0	0	0	26	0	0	2	0	0	0	0	0
Otu00960	0	0	0	0	0	0	0	0	0	0	42	0	0	0	0	0	0	0	0	0
Otu00967	0	0	0	7	0	0	0	0	0	0	0	0	27	0	0	0	0	0	0	0
Otu00969	0	0	0	0	0	0	0	0	0	0	0	0	0	0	0	0	0	14	0	0
Otu00973	0	0	0	0	0	0	0	3	0	0	0	0	0	5	0	0	0	0	0	0
Otu00974	0	0	0	0	0	0	0	0	0	0	3	0	0	0	0	1	0	0	0	0
Otu00975	0	0	0	0	0	0	0	0	0	0	0	0	0	0	28	0	0	0	0	0
Otu00976	0	0	0	0	0	4	0	0	0	0	0	2	0	0	0	0	0	0	0	0
Otu00978	0	0	0	0	0	0	0	0	0	0	0	0	0	0	0	0	0	0	0	62
Otu00980	0	0	0	0	0	0	0	6	0	0	0	0	0	0	0	0	0	0	0	0
Otu00982	0	0	0	4	0	0	0	0	0	0	0	0	0	0	0	0	0	0	0	0
Otu00985	0	0	0	0	0	0	0	0	0	0	0	0	0	0	0	0	0	0	0	11
Otu00986	2	0	0	0	0	2	0	0	0	0	0	0	13	0	0	1	0	0	0	0
Otu00992	0	1	1	4	2	0	0	1	2	0	0	1	1	0	0	0	0	0	0	0
Otu00995	0	0	0	1	0	0	0	0	0	0	0	1	0	0	0	0	0	1	0	0
Otu00996	0	0	0	0	0	0	0	0	0	0	7	0	0	0	0	0	0	0	0	0
Otu01000	0	0	0	0	0	0	3	0	0	0	0	0	5	0	0	0	0	0	0	0
Otu01001	0	0	0	0	0	0	0	0	3	6	1	0	0	4	0	0	0	0	0	0
Otu01003	0	10	0	0	0	0	0	0	0	0	0	0	0	0	0	0	0	0	0	0
Otu01005	0	0	0	0	0	0	0	0	0	0	0	1	0	0	0	0	0	2	1	0
Otu01007	0	0	0	0	0	0	0	0	0	0	0	0	0	0	0	0	3	0	0	0
Otu01015	0	0	0	0	0	0	3	0	0	0	0	0	0	0	3	1	0	0	0	0
Otu01016	0	0	1	0	0	2	0	2	1	1	0	0	0	0	0	0	0	0	0	0
Otu01018	0	4	0	1	0	6	0	0	0	0	0	0	0	0	0	0	0	0	0	0
Otu01022	0	0	0	0	0	0	0	0	0	0	17	0	0	0	0	0	0	0	0	0
Otu01023	15	1	0	0	0	0	0	0	0	4	0	0	0	0	0	1	0	0	0	0
Otu01025	0	0	2	0	1	0	0	0	0	0	0	0	0	0	0	2	0	0	0	0
Otu01026	0	0	0	0	0	0	0	0	0	0	0	0	0	0	0	0	0	0	4	0
Otu01028	0	0	0	0	0	0	9	0	0	0	0	0	0	0	0	0	0	0	0	0
Otu01030	0	0	0	0	0	0	0	0	0	0	0	8	0	0	0	0	0	1	0	0
Otu01033	0	0	0	0	0	0	0	0	0	0	0	2	0	2	0	0	0	0	0	0
Otu01034	0	0	0	0	0	7	0	0	0	0	0	0	0	0	0	0	0	0	0	0
Otu01036	0	0	0	0	0	0	0	0	0	0	0	0	0	0	9	0	0	0	0	0
Otu01041	0	0	0	0	0	0	0	0	0	0	0	0	0	0	0	0	6	2	0	11
Otu01045	0	0	0	0	0	0	0	0	0	0	3	0	0	0	0	2	0	0	0	0
Otu01046	0	0	0	0	0	0	0	0	0	0	0	0	6	0	0	0	0	0	0	0
Otu01047	0	0	0	0	0	0	0	0	33	0	0	0	0	0	0	0	0	0	0	0
Otu01056	0	0	0	0	0	0	0	0	0	0	0	0	0	0	0	0	0	1	14	0
Otu01057	0	0	0	0	0	0	0	0	9	0	0	0	0	0	0	0	0	0	4	0
Otu01063	0	3	0	0	0	0	0	0	0	0	0	0	0	0	0	0	0	0	0	0
Otu01075	0	0	0	12	0	0	3	0	0	0	0	0	0	0	0	0	0	0	0	0
Otu01076	0	0	0	0	0	0	0	0	0	0	0	0	0	0	0	0	0	3	0	0
Otu01078	0	0	0	0	0	0	1	0	0	0	0	0	0	0	0	5	0	0	0	0
Otu01080	0	0	0	0	0	0	0	27	0	0	0	0	0	0	0	0	0	0	0	0
Otu01083	0	0	0	0	0	0	0	0	0	0	0	0	0	0	2	1	0	0	0	0
Otu01095	0	0	0	0	0	0	31	0	0	0	0	0	0	0	0	0	0	0	0	0
Otu01096	0	0	0	0	0	0	0	0	0	0	0	0	0	8	6	0	0	0	0	0
Otu01099	0	0	0	0	0	0	0	0	0	0	0	0	0	0	0	0	0	4	0	0
Otu01102	0	0	0	2	0	0	1	0	0	0	0	0	0	1	0	0	0	0	0	0
Otu01104	0	0	0	0	0	0	0	0	0	0	0	0	0	32	0	0	0	0	0	0
Otu01110	0	19	0	0	0	0	0	0	0	0	0	0	0	0	0	0	0	0	0	0
Otu01112	0	0	0	0	0	0	0	0	0	0	0	0	0	0	3	0	0	0	0	0
Otu01113	0	0	0	0	0	0	46	1	0	0	0	0	0	0	0	0	0	0	0	0
Otu01123	0	0	1	3	1	0	0	1	2	0	0	0	0	0	0	0	0	0	0	0
Otu01133	0	0	1	0	1	0	0	0	0	0	0	0	0	0	4	0	0	0	0	0
Otu01134	0	0	0	0	0	0	0	0	0	0	0	0	0	0	0	0	0	0	3	0
Otu01135	0	0	0	0	0	0	0	16	0	5	0	0	0	0	0	0	0	0	0	0
Otu01137	0	0	0	0	0	0	0	0	0	0	1	0	3	0	0	0	0	0	0	0
Otu01143	0	0	0	0	0	0	0	0	0	0	0	0	0	0	0	0	0	0	16	0
Otu01144	0	0	0	0	0	0	0	0	0	0	6	0	0	0	0	0	0	0	0	0
Otu01155	0	0	0	0	0	0	0	0	0	0	0	0	4	0	0	0	0	0	0	0
Otu01160	0	0	0	2	0	0	0	0	0	0	0	0	18	0	0	0	0	0	0	0
Otu01164	0	0	7	0	0	0	0	0	5	0	0	0	0	0	0	0	1	0	0	0
Otu01166	0	0	0	1	0	0	0	0	0	0	1	0	0	0	0	0	0	0	1	0
Otu01174	0	0	0	0	0	0	0	0	0	0	41	0	0	0	0	0	0	0	0	0
Otu01178	0	0	0	0	0	0	0	0	0	0	0	0	0	0	0	0	27	0	0	0
Otu01181	0	0	0	0	0	0	1	0	0	0	0	0	0	0	8	0	0	0	0	0
Otu01183	0	0	0	3	0	0	0	0	0	0	0	0	0	0	0	0	0	0	0	0
Otu01184	0	0	0	0	0	0	0	0	0	42	0	0	0	0	0	0	0	0	0	0
Otu01188	0	0	0	0	0	0	0	0	0	0	0	0	0	0	0	0	0	7	0	0
Otu01197	0	0	3	0	0	0	0	0	0	0	0	0	0	0	0	0	0	0	0	0
Otu01200	0	0	0	0	11	0	0	0	0	0	0	0	0	0	0	0	0	0	0	0
Otu01203	0	1	0	1	0	0	0	0	0	0	0	1	0	3	0	0	0	0	0	0
Otu01214	0	0	0	0	0	0	1	0	0	3	0	0	0	0	0	0	0	0	0	0
Otu01223	0	0	0	0	0	14	0	0	0	0	0	0	0	0	0	0	0	0	0	0
Otu01225	0	0	0	0	0	0	0	0	0	0	39	0	0	0	0	0	0	0	0	0
Otu01228	0	0	0	0	0	0	0	0	4	0	0	0	0	0	0	0	0	0	0	0
Otu01229	0	0	0	0	0	0	0	0	0	0	0	0	0	0	0	0	0	0	0	39
Otu01230	0	0	0	4	0	0	0	0	0	0	0	0	0	0	0	0	0	0	0	0
Otu01231	0	0	0	0	0	0	0	0	0	2	0	0	2	1	0	0	0	1	1	3
Otu01232	0	0	0	1	0	0	0	0	0	0	0	1	0	0	0	4	0	0	0	0
Otu01235	0	39	0	0	0	0	0	0	0	0	0	0	0	0	0	0	0	0	0	0
Otu01237	0	0	0	0	0	0	0	0	0	0	0	0	0	5	0	0	0	0	0	0
Otu01239	0	0	0	0	0	0	1	0	0	1	0	0	0	0	1	0	0	0	0	0
Otu01243	0	0	0	0	0	0	0	0	0	0	0	0	15	0	0	0	0	0	0	0
Otu01244	0	0	0	0	0	0	0	0	0	0	0	0	0	0	0	0	0	0	15	0
Otu01254	0	0	14	0	0	0	0	0	0	0	0	0	0	0	0	0	0	0	0	0
Otu01255	0	0	0	0	0	0	0	0	2	0	0	0	0	0	0	0	0	1	0	0
Otu01261	0	0	0	0	0	0	0	0	3	0	0	0	0	0	0	0	0	0	0	0
Otu01280	0	0	0	0	0	0	0	0	0	0	0	0	5	0	0	0	0	0	0	0
Otu01281	0	7	0	0	0	0	0	0	0	0	0	0	0	0	0	0	0	0	0	0
Otu01287	0	0	0	0	0	0	0	0	0	0	0	0	0	0	0	0	0	0	4	0
Otu01288	0	0	0	0	0	0	0	0	0	0	0	0	25	0	0	0	0	0	0	0
Otu01289	0	0	0	1	0	0	0	0	1	0	0	0	4	0	0	0	0	0	0	0
Otu01293	0	0	0	0	0	0	0	0	4	1	0	0	0	0	0	0	0	0	0	0
Otu01295	0	0	0	0	0	0	0	0	0	0	0	0	6	0	0	0	0	0	0	0
Otu01297	0	0	0	0	0	0	0	0	0	0	0	0	0	0	0	4	0	0	0	0
Otu01298	0	0	0	0	0	0	0	0	0	0	0	0	0	0	0	0	0	0	0	34
Otu01299	0	0	0	0	0	0	0	0	0	0	0	0	0	0	0	0	0	0	13	0
Otu01307	0	0	0	0	0	0	0	0	3	0	0	0	0	0	0	0	0	0	0	0
Otu01310	0	0	0	0	0	0	0	0	0	0	0	0	0	0	0	0	0	0	6	0
Otu01313	0	0	0	0	0	0	0	0	0	0	0	0	0	4	0	0	0	0	0	0
Otu01314	0	0	0	0	0	0	0	1	0	0	0	0	0	0	0	0	0	6	0	0
Otu01315	0	0	0	0	0	0	0	0	0	0	0	0	0	0	0	0	0	0	3	0
Otu01320	0	0	0	0	0	0	0	0	1	0	0	0	0	0	0	0	0	1	2	0
Otu01333	0	0	0	0	0	0	0	0	0	0	0	0	0	0	0	1	0	0	31	0
Otu01338	0	0	0	0	0	0	0	3	0	0	0	0	0	0	0	0	0	0	0	0
Otu01344	0	0	0	0	0	0	0	0	0	0	0	1	0	0	2	3	0	0	0	0
Otu01345	0	0	0	0	0	0	0	0	0	0	0	0	0	0	0	0	0	0	4	26
Otu01347	0	0	0	0	0	0	0	0	0	0	0	0	0	0	6	0	0	0	0	0
Otu01352	0	0	0	0	0	0	0	0	0	0	0	0	0	0	0	0	0	1	10	0
Otu01353	0	0	0	0	0	0	0	0	4	0	0	0	0	0	0	0	0	0	0	0
Otu01360	0	0	0	0	0	0	0	0	2	0	0	0	0	9	0	0	0	0	0	0
Otu01362	0	0	0	0	0	0	0	0	0	0	25	0	0	0	0	0	0	0	0	0
Otu01370	0	0	0	5	0	0	0	0	0	0	0	0	0	0	0	4	0	0	0	0
Otu01371	0	0	0	0	0	0	0	0	0	0	0	0	0	0	0	0	0	3	0	0
Otu01373	0	0	0	0	0	0	0	0	0	0	0	3	0	0	0	0	0	1	0	0
Otu01380	0	0	4	0	6	0	0	0	0	0	0	0	0	0	0	0	0	0	0	0
Otu01383	0	0	0	0	0	0	0	0	0	0	0	0	0	0	0	0	20	0	0	0
Otu01396	0	0	0	0	0	0	0	0	0	3	0	0	0	0	0	0	0	0	0	0
Otu01400	0	0	3	0	0	0	0	0	0	0	0	0	0	0	0	0	0	0	0	0
Otu01405	0	0	0	0	0	0	0	0	0	0	0	0	0	0	0	0	0	0	3	0
Otu01408	0	0	0	0	0	0	0	0	0	0	0	1	0	0	0	0	0	0	27	0
Otu01410	0	0	0	0	0	0	0	0	0	0	9	0	0	0	0	0	0	0	0	0
Otu01414	0	0	0	0	0	0	0	0	7	3	0	0	0	2	0	0	1	0	0	0
Otu01415	0	0	0	0	0	0	3	0	0	0	0	0	0	0	0	0	0	0	0	0
Otu01421	0	0	0	0	0	0	0	0	0	0	0	0	0	0	1	0	0	7	0	0
Otu01422	0	0	0	0	0	0	0	0	9	0	0	0	0	0	0	0	0	1	0	5
Otu01423	0	0	0	0	0	0	0	0	0	0	0	0	0	0	2	0	2	0	0	0
Otu01425	0	0	0	0	0	0	0	0	0	0	0	0	1	1	0	0	0	2	0	0
Otu01429	0	0	0	0	0	0	0	0	0	8	0	0	0	0	0	0	0	0	0	0
Otu01430	0	0	0	0	0	0	0	0	0	0	22	0	0	0	0	0	0	0	0	0
Otu01434	0	0	0	3	0	0	13	0	0	0	0	0	0	0	0	0	0	0	0	0
Otu01435	0	0	1	2	1	0	0	0	0	0	0	0	0	0	0	0	0	0	0	0
Otu01439	0	0	0	1	0	0	0	0	0	0	0	1	0	0	0	7	0	0	0	0
Otu01444	0	0	0	0	0	0	0	0	0	0	0	0	0	0	0	0	0	2	0	11
Otu01455	0	0	0	0	0	0	0	0	0	0	1	2	0	2	5	0	0	0	0	0
Otu01458	0	0	0	0	0	0	0	2	0	0	0	2	0	0	0	0	0	0	0	0
Otu01459	0	3	0	0	0	0	0	0	0	0	0	0	0	0	0	0	0	0	0	0
Otu01462	0	0	0	0	0	0	0	0	0	0	0	0	6	0	0	0	0	0	0	0
Otu01469	0	0	0	0	0	0	0	0	0	0	0	0	0	0	0	21	0	0	0	0
Otu01481	0	0	0	0	0	1	0	0	0	0	0	0	0	0	0	1	0	1	0	0
Otu01482	0	0	0	0	0	0	0	0	0	0	0	0	0	0	0	10	0	0	0	0
Otu01498	0	0	0	0	0	0	0	0	0	0	0	4	2	3	0	0	0	0	0	0
Otu01502	0	0	0	0	0	0	0	0	0	1	0	0	0	0	0	0	0	3	0	0
Otu01503	0	0	0	0	0	0	0	0	0	0	0	2	0	1	0	0	0	0	0	0
Otu01507	0	0	1	0	0	0	4	0	0	0	0	0	0	0	0	0	0	0	0	0
Otu01508	0	0	0	0	0	0	0	0	0	0	0	0	0	0	0	27	0	0	0	0
Otu01510	0	1	0	0	0	1	0	1	0	0	0	0	0	0	0	0	0	0	0	0
Otu01511	0	0	0	0	0	0	0	0	1	0	0	0	0	0	0	0	0	0	3	0
Otu01514	0	0	0	0	0	0	0	0	0	0	26	0	0	0	0	0	0	0	0	0
Otu01522	0	0	0	0	1	0	0	0	0	0	0	0	0	4	0	0	0	0	0	0
Otu01523	0	0	0	0	0	0	0	0	0	0	0	0	0	4	0	3	0	0	0	0
Otu01524	0	0	0	1	0	0	0	0	0	0	0	3	0	0	0	0	0	0	0	0
Otu01525	20	0	0	0	0	0	0	0	0	0	0	0	0	0	0	0	0	0	0	0
Otu01528	0	0	1	0	0	0	0	0	0	0	0	1	2	0	0	0	0	0	0	0
Otu01533	0	0	0	0	0	9	0	0	0	0	0	0	0	0	0	0	0	0	0	0
Otu01542	0	0	1	0	0	0	0	0	0	8	0	0	0	0	0	0	0	0	0	0
Otu01547	0	0	4	0	0	0	0	0	0	0	0	0	0	0	0	0	0	0	0	0
Otu01554	0	0	0	0	0	0	3	0	0	0	0	0	0	0	0	0	0	0	1	0
Otu01556	0	0	0	0	0	0	6	0	0	0	0	0	0	0	0	0	0	0	0	0
Otu01558	0	0	0	0	2	1	0	0	0	0	0	0	0	0	0	1	0	0	0	0
Otu01561	0	0	0	0	0	0	0	0	0	0	0	0	0	0	0	0	0	0	6	0
Otu01577	0	0	2	0	0	1	0	0	0	0	0	0	0	0	0	0	0	0	2	1
Otu01580	0	0	0	0	0	0	0	0	25	0	0	0	0	0	0	0	0	0	0	0
Otu01583	0	0	0	0	0	0	4	0	0	0	0	0	0	0	0	0	0	0	0	0
Otu01584	0	0	0	0	0	0	0	0	0	4	0	0	0	0	0	0	0	0	0	0
Otu01585	0	0	0	0	0	0	0	0	0	0	0	0	0	1	3	1	0	0	0	0
Otu01589	0	0	0	4	0	0	2	0	0	0	0	0	1	0	0	0	0	0	0	0
Otu01591	0	0	0	0	0	0	0	0	0	0	6	0	0	0	0	0	0	0	0	0
Otu01593	0	0	0	3	0	0	0	0	0	0	0	0	0	0	0	0	0	0	0	0
Otu01594	0	7	0	0	0	0	0	0	0	0	0	0	0	0	0	0	0	0	0	0
Otu01604	0	0	0	0	0	0	0	0	0	0	0	0	0	0	10	0	0	0	0	0
Otu01609	0	0	0	0	0	0	0	0	0	0	0	0	0	3	0	0	1	0	7	0
Otu01616	0	0	0	0	0	1	0	0	0	0	0	0	1	0	0	0	0	0	1	1
Otu01618	0	0	0	0	0	0	0	0	0	0	0	0	13	0	0	0	0	0	0	0
Otu01619	0	0	0	0	0	0	0	0	0	23	0	0	0	0	0	0	0	0	0	0
Otu01625	0	0	0	0	0	0	0	0	0	3	0	0	0	6	0	0	0	0	2	0
Otu01626	0	0	0	0	0	0	0	0	0	0	11	0	0	0	0	0	0	0	0	0
Otu01632	0	0	0	0	0	0	0	0	4	0	0	0	0	0	0	0	0	0	0	0
Otu01656	0	0	0	0	0	0	0	0	0	0	0	0	0	0	0	22	0	0	0	0
Otu01675	0	0	5	0	0	0	0	0	0	0	0	0	0	0	0	0	0	0	0	0
Otu01683	0	0	0	0	0	0	0	0	0	0	0	3	0	1	0	1	0	0	0	0
Otu01684	0	0	0	0	0	0	0	0	0	0	0	2	0	3	0	0	0	0	0	0
Otu01690	0	0	0	0	0	0	0	0	1	0	0	0	0	0	0	0	0	0	0	7
Otu01700	0	0	0	0	0	0	0	0	0	5	0	1	0	0	0	0	0	0	0	0
Otu01704	0	0	0	0	0	0	0	0	0	0	0	0	0	0	1	0	0	0	10	0
Otu01712	0	0	1	0	0	0	0	0	0	0	0	0	0	0	1	3	0	0	0	0
Otu01714	0	0	0	0	0	0	0	0	0	0	0	5	0	0	0	3	0	0	0	0
Otu01726	0	0	0	0	0	0	0	0	0	0	0	0	0	0	0	21	0	0	0	0
Otu01733	0	0	0	1	0	1	0	1	0	0	0	0	0	0	0	0	0	0	0	0
Otu01736	19	0	0	0	0	0	0	0	0	0	0	0	0	0	0	0	0	0	0	0
Otu01738	0	0	0	0	0	0	0	0	0	0	0	4	0	0	0	0	0	0	0	0
Otu01741	0	0	0	0	0	0	0	0	0	0	21	0	0	0	0	0	0	0	0	0
Otu01748	0	0	0	0	0	0	0	0	0	0	0	0	0	2	2	2	0	0	0	0
Otu01762	0	0	0	0	0	0	0	17	0	0	0	0	0	0	0	0	0	0	0	0
Otu01767	0	0	0	0	0	0	0	0	0	0	0	0	0	0	0	0	3	0	0	0
Otu01775	0	0	0	0	0	6	0	0	0	0	0	0	0	0	0	0	0	0	0	0
Otu01778	0	0	0	0	0	0	0	0	0	0	0	0	0	0	0	0	0	0	18	0
Otu01780	0	0	0	0	0	0	0	0	0	0	0	0	0	0	0	0	0	0	11	0
Otu01781	0	0	0	0	0	0	0	0	0	0	0	0	0	0	1	2	0	0	0	0
Otu01783	0	0	0	0	0	0	0	0	0	0	0	2	0	0	0	1	0	0	0	0
Otu01784	0	0	0	0	0	0	0	0	0	0	0	0	0	0	0	0	0	0	0	4
Otu01790	0	0	0	0	0	0	0	0	0	0	0	0	0	0	0	0	19	0	0	0
Otu01798	0	0	0	0	0	0	0	5	0	0	0	0	0	0	0	0	0	0	0	0
Otu01808	0	0	0	0	0	0	0	0	0	0	0	0	2	0	1	0	0	0	0	0
Otu01817	0	0	0	0	0	0	0	0	0	0	8	2	0	0	0	0	0	0	0	0
Otu01818	0	0	0	0	0	0	0	0	0	0	0	0	0	12	0	0	0	2	0	0
Otu01819	0	0	0	0	0	0	0	0	0	0	19	0	0	0	0	0	0	0	0	0
Otu01820	0	0	0	0	0	18	0	0	0	0	0	0	0	0	0	0	0	0	0	0
Otu01822	0	0	0	0	0	0	0	0	0	9	0	0	0	0	0	0	0	0	0	0
Otu01823	0	0	0	0	0	0	0	0	0	0	0	0	0	0	0	0	0	0	0	4
Otu01826	0	0	0	0	0	18	0	0	0	0	0	0	0	0	0	0	0	0	0	0
Otu01833	0	0	0	0	0	0	0	0	0	0	0	0	0	0	0	0	0	0	10	0
Otu01853	0	0	0	0	0	0	0	0	0	0	0	11	0	1	3	0	0	0	0	0
Otu01856	0	0	0	0	0	0	0	14	0	0	0	0	0	0	0	0	0	0	0	0
Otu01868	0	0	0	0	0	0	0	0	0	0	0	1	0	0	0	2	0	0	0	0
Otu01871	0	0	0	0	0	0	0	0	2	0	0	1	0	0	0	0	0	0	0	0
Otu01873	0	0	0	0	0	0	0	0	0	0	0	0	0	3	0	0	0	0	0	0
Otu01883	0	0	0	0	0	0	0	0	0	0	0	3	0	0	0	0	0	0	0	0
Otu01891	17	0	0	0	0	0	0	0	0	0	0	0	0	0	0	0	0	0	0	0
Otu01897	0	0	0	0	0	0	0	3	0	0	0	0	0	0	8	0	0	0	0	0
Otu01916	0	0	0	0	0	0	0	0	11	0	0	0	0	0	0	0	0	0	0	0
Otu01918	0	0	0	0	0	0	0	0	3	0	0	0	0	0	0	0	0	0	0	0
Otu01922	0	0	0	0	0	0	5	0	0	0	0	0	0	0	0	0	0	0	0	0
Otu01928	0	0	0	0	0	0	0	0	0	0	0	0	0	0	0	0	5	0	0	0
Otu01933	0	0	0	0	0	9	0	0	0	0	0	0	0	0	0	0	0	0	0	0
Otu01938	0	0	0	0	0	0	1	0	0	1	0	0	0	0	0	0	0	0	1	0
Otu01941	0	0	0	0	0	0	0	0	0	0	0	0	0	0	0	0	0	4	0	0
Otu01942	0	0	0	0	0	0	0	0	0	0	0	0	0	0	0	0	0	0	1	9
Otu01944	0	0	0	0	0	0	0	0	8	0	0	0	0	0	0	0	0	1	0	0
Otu01945	0	0	0	0	0	0	1	0	0	0	0	1	0	0	1	0	0	0	0	0
Otu01950	0	0	0	5	0	0	0	0	0	0	0	0	0	0	0	0	0	0	0	0
Otu01958	16	0	0	0	0	0	0	0	0	0	0	0	0	0	0	0	0	0	0	0
Otu01963	0	0	0	0	0	0	0	0	0	0	13	0	0	0	0	0	0	0	0	0
Otu01967	0	0	0	0	0	0	0	0	0	0	0	0	0	0	0	16	0	0	0	0
Otu01987	0	0	0	0	0	0	0	0	0	0	0	0	0	0	0	4	0	0	0	0
Otu01988	0	0	0	0	0	0	0	0	12	0	0	0	0	0	0	0	0	0	0	2
Otu01994	0	0	0	0	0	4	0	0	0	0	0	0	0	0	0	0	0	0	0	0
Otu01996	0	0	2	0	0	2	0	0	0	0	0	0	0	0	0	0	0	0	0	0
Otu02007	0	0	0	0	0	0	1	0	0	0	0	1	0	0	0	0	0	0	1	0
Otu02019	0	0	0	0	0	0	0	0	0	6	0	0	0	0	0	0	0	0	0	0
Otu02022	0	0	0	0	0	0	0	0	0	0	0	0	0	4	1	0	0	0	0	0
Otu02025	0	0	0	0	0	0	0	0	0	0	0	0	0	5	0	0	0	0	0	0
Otu02033	0	0	0	0	0	0	0	2	0	0	0	0	1	0	0	0	0	0	0	0
Otu02039	0	0	0	0	0	0	0	0	0	4	0	0	0	0	0	0	0	0	0	0
Otu02046	0	0	0	0	0	0	0	0	0	0	0	8	0	0	0	1	0	0	0	0
Otu02053	0	0	0	0	0	1	1	0	0	0	0	0	0	0	1	0	0	0	0	0
Otu02060	0	0	0	0	0	0	0	0	2	2	0	0	0	0	0	0	0	0	0	0
Otu02067	0	0	0	0	0	0	0	0	0	0	0	0	0	0	0	0	0	0	7	0
Otu02075	0	0	0	0	0	0	0	0	0	13	0	0	0	0	1	0	0	0	0	0
Otu02079	0	14	0	0	0	0	0	0	0	0	0	0	0	0	0	0	0	0	0	0
Otu02085	0	0	0	0	0	0	0	0	0	0	11	0	0	0	3	0	0	0	0	0
Otu02093	0	0	0	0	0	0	0	0	0	0	0	0	0	0	3	0	0	0	0	0
Otu02096	0	0	0	0	0	0	0	0	0	0	0	0	4	0	0	0	0	0	0	0
Otu02117	0	0	13	0	0	0	0	0	0	0	0	0	0	0	0	0	0	0	0	0
Otu02124	0	0	0	0	0	0	0	0	0	0	0	5	0	0	0	1	0	0	0	0
Otu02132	0	0	0	0	0	0	0	0	0	0	0	0	2	0	2	0	0	0	0	0
Otu02146	0	0	0	0	0	0	0	3	0	0	0	0	0	0	0	0	0	0	0	0
Otu02148	0	0	1	0	0	0	0	0	0	0	0	0	2	1	0	0	0	0	0	0
Otu02179	0	0	6	0	0	0	0	0	0	0	0	0	0	0	0	0	0	0	0	0
Otu02181	0	0	0	0	0	0	0	0	0	0	0	0	13	0	0	0	0	0	0	0
Otu02193	0	0	0	0	0	0	0	0	1	2	0	0	0	0	0	0	0	0	0	0
Otu02202	0	0	0	0	0	0	0	0	0	0	0	0	0	0	0	1	0	5	0	0
Otu02208	0	0	0	0	0	0	0	13	0	0	0	0	0	0	0	0	0	0	0	0
Otu02222	0	1	0	0	0	0	0	0	0	0	0	3	0	0	0	0	0	0	0	0
Otu02241	0	0	0	0	0	0	0	0	0	0	6	0	0	0	0	0	0	0	0	0
Otu02243	0	0	0	0	0	0	0	0	0	0	0	5	0	0	0	0	0	0	0	0
Otu02247	0	0	0	0	0	0	0	0	0	3	0	0	0	0	0	0	0	0	0	0
Otu02250	0	0	1	0	5	0	0	0	0	0	0	0	0	0	0	0	0	0	0	0
Otu02251	0	0	0	0	0	0	0	0	0	0	0	3	0	0	0	1	0	0	0	0
Otu02256	0	1	0	0	0	0	0	0	0	0	1	0	0	0	1	1	0	0	0	0
Otu02258	0	0	0	0	0	0	0	0	8	0	0	0	0	0	0	0	0	0	0	0
Otu02267	0	0	0	0	0	0	0	0	0	0	3	0	0	0	0	0	0	0	0	0
Otu02270	0	0	0	0	0	0	0	0	0	0	0	0	0	0	0	0	0	1	2	0
Otu02277	0	0	0	0	0	0	0	0	0	0	0	0	0	0	0	0	0	0	12	0
Otu02283	0	0	0	0	0	0	0	0	0	0	4	0	0	0	0	2	0	0	0	0
Otu02286	0	0	0	0	0	0	0	0	5	0	0	0	0	0	0	0	0	0	0	0
Otu02308	0	0	0	0	0	0	10	0	0	0	0	0	0	0	0	0	0	0	0	0
Otu02310	0	0	0	0	0	0	8	0	0	0	0	0	0	0	0	0	0	0	0	0
Otu02314	0	0	0	1	0	0	2	0	0	0	0	0	0	0	0	0	0	0	0	0
Otu02326	0	0	0	0	0	0	0	0	7	0	0	0	0	0	0	0	0	0	0	0
Otu02332	0	0	0	0	0	0	0	11	0	0	0	0	0	0	0	0	0	0	0	0
Otu02342	0	0	0	0	0	0	0	0	0	0	0	0	2	0	1	0	0	0	0	0
Otu02350	0	0	0	0	0	0	0	0	0	11	0	0	0	0	0	0	0	0	0	0
Otu02354	0	0	0	0	0	0	0	0	0	0	0	0	0	0	0	0	0	0	11	0
Otu02357	0	0	5	0	0	0	0	0	0	0	0	0	0	0	0	0	0	0	0	0
Otu02367	0	0	0	0	0	0	0	0	0	0	9	0	0	0	0	0	0	0	0	0
Otu02374	0	0	0	1	0	0	0	0	0	0	0	1	0	0	1	0	0	0	0	0
Otu02394	0	0	0	0	0	0	0	0	0	0	0	0	0	0	0	0	9	0	0	0
Otu02396	0	0	0	0	0	0	0	0	0	0	11	0	0	0	0	0	0	0	0	0
Otu02398	0	0	1	0	0	0	0	0	0	0	0	0	0	0	2	5	0	0	0	0
Otu02406	0	0	0	0	0	0	0	0	0	0	0	3	0	0	2	0	0	0	0	0
Otu02410	0	0	0	0	0	0	0	0	0	0	0	3	0	0	2	0	0	0	0	0
Otu02415	0	0	0	0	0	0	0	0	0	0	0	0	0	0	0	0	0	0	0	3
Otu02423	0	0	0	0	0	0	0	0	0	10	0	0	0	0	0	0	0	0	0	0
Otu02429	0	0	0	0	0	0	0	0	0	0	0	0	3	0	0	0	0	0	0	0
Otu02435	0	0	0	0	0	0	0	0	0	0	0	0	0	0	0	5	0	0	0	0
Otu02445	0	0	0	0	0	0	2	0	0	0	0	0	0	0	0	0	1	0	0	0
Otu02447	0	0	0	0	0	0	0	0	0	0	0	0	0	0	10	0	0	0	0	0
Otu02471	0	0	0	0	0	0	0	0	0	0	0	0	0	0	0	0	0	1	3	0
Otu02479	0	4	0	0	0	0	0	0	0	0	0	0	0	0	0	0	0	0	0	0
Otu02488	0	0	0	0	0	0	0	0	0	0	0	0	0	10	0	0	0	0	0	0
Otu02497	0	0	0	0	0	0	0	0	0	0	0	0	0	0	0	0	0	0	7	0
Otu02498	0	0	0	0	0	0	0	0	0	0	0	0	0	0	0	0	0	0	10	0
Otu02525	0	0	0	0	0	0	0	0	0	0	0	0	0	0	0	9	0	0	0	0
Otu02538	0	0	0	0	0	0	0	0	0	0	0	0	0	0	0	0	0	0	7	0
Otu02544	0	0	0	0	0	0	0	0	0	0	0	1	0	0	2	1	0	0	0	0
Otu02545	0	0	0	0	0	0	0	0	0	0	0	0	0	0	0	0	0	8	0	0
Otu02558	0	3	0	0	0	0	0	0	0	0	0	0	0	0	0	0	0	0	0	0
Otu02562	0	0	0	0	0	0	0	0	3	0	0	0	0	0	0	0	0	0	0	0
Otu02565	0	0	0	0	0	0	0	0	0	0	0	0	0	1	3	0	0	0	0	0
Otu02618	0	0	0	0	0	0	0	0	0	0	0	0	0	0	0	0	0	9	0	0
Otu02634	0	0	0	0	0	0	0	5	0	0	0	0	0	0	0	0	0	0	0	0
Otu02635	0	0	0	0	0	0	0	0	0	0	0	0	0	0	0	0	0	0	0	9
Otu02644	0	0	0	0	0	0	0	0	0	0	0	0	0	0	0	0	0	0	3	0
Otu02646	0	0	0	0	0	0	6	0	0	0	0	0	0	0	0	0	0	0	0	0
Otu02683	0	0	0	0	0	0	0	4	0	0	0	0	0	0	0	0	0	0	0	0
Otu02690	0	0	0	0	0	0	6	0	0	0	0	0	0	0	1	0	0	0	0	0
Otu02700	0	0	0	0	0	8	0	0	0	0	0	0	0	0	0	0	0	0	0	0
Otu02706	8	0	0	0	0	0	0	0	0	0	0	0	0	0	0	0	0	0	0	0
Otu02715	0	0	0	0	0	0	0	0	0	0	5	0	0	0	0	0	0	0	0	0
Otu02721	0	0	0	0	0	0	0	0	0	0	0	0	0	0	0	0	0	0	3	0
Otu02723	0	0	0	0	0	0	0	0	0	0	0	1	0	2	0	0	0	0	0	0
Otu02736	0	0	0	0	0	0	0	0	0	0	0	0	0	0	0	0	0	2	1	0
Otu02746	0	0	0	0	0	0	0	0	0	0	0	0	0	0	0	6	0	0	0	0
Otu02761	0	0	0	4	0	0	0	0	0	0	0	0	0	0	2	0	0	0	0	0
Otu02798	0	0	0	0	0	0	0	0	0	8	0	0	0	0	0	0	0	0	0	0
Otu02806	0	0	0	0	0	0	0	0	0	0	0	0	0	0	0	0	6	0	0	0
Otu02813	0	0	0	0	0	0	7	0	0	0	0	0	0	0	0	0	0	0	0	0
Otu02825	0	0	0	0	0	0	0	0	0	0	0	0	0	0	0	0	0	0	3	0
Otu02860	0	0	0	0	0	0	0	0	0	0	0	0	0	0	0	0	0	5	0	0
Otu02861	0	0	0	0	0	6	0	0	0	0	0	0	0	0	0	0	0	0	0	0
Otu02874	0	0	0	0	0	0	0	0	0	6	0	0	0	0	0	0	0	0	0	0
Otu02878	0	0	0	0	0	0	0	0	6	0	0	0	0	0	0	0	0	0	0	0
Otu02887	0	0	0	0	0	0	0	0	0	0	0	0	0	0	0	0	0	0	4	0
Otu02893	0	0	1	0	0	0	0	0	0	0	0	0	0	1	1	0	0	0	0	0
Otu02897	0	0	0	0	0	0	0	0	0	0	0	0	3	0	0	0	0	0	0	0
Otu02898	0	0	0	0	1	0	0	0	0	1	0	0	0	1	0	0	0	0	0	0
Otu02954	0	0	0	0	0	0	0	0	3	0	0	0	0	0	0	0	0	0	0	0
Otu03024	0	0	0	0	0	6	0	0	0	0	0	0	0	0	0	0	0	0	0	0
Otu03047	0	0	0	0	0	0	0	0	0	0	6	0	0	0	0	0	0	0	0	0
Otu03049	0	0	0	0	0	0	0	0	0	0	0	0	0	6	0	0	0	0	0	0
Otu03058	0	0	0	0	0	0	0	6	0	0	0	0	0	0	0	0	0	0	0	0
Otu03096	0	0	0	0	0	0	0	0	0	0	3	0	0	0	0	0	0	0	0	0
Otu03114	0	0	0	0	0	0	0	0	0	2	0	0	0	1	0	0	0	0	0	0
Otu03122	4	0	0	0	0	0	0	0	0	0	0	0	0	0	0	0	0	0	0	0
Otu03131	0	0	0	0	0	0	0	0	0	4	0	0	0	0	0	0	0	0	0	0
Otu03156	0	0	0	0	0	0	0	0	0	0	0	0	0	0	0	0	0	6	0	0
Otu03201	0	0	0	0	0	0	0	0	0	0	0	6	0	0	0	0	0	0	0	0
Otu03204	0	0	0	0	0	0	0	0	0	0	3	0	0	0	0	0	0	0	0	0
Otu03205	0	0	0	0	0	0	0	0	3	0	0	0	0	0	0	0	0	0	0	0
Otu03225	0	0	0	0	0	5	0	0	0	0	0	0	0	0	0	0	0	0	0	0
Otu03239	0	0	0	0	0	0	0	0	0	5	0	0	0	0	0	0	0	0	0	0
Otu03259	0	0	0	0	0	0	0	0	0	0	0	0	0	0	0	0	0	0	5	0
Otu03273	1	0	0	0	0	0	0	0	0	1	0	0	0	0	0	0	0	0	1	0
Otu03284	0	0	0	0	0	0	0	0	0	0	0	5	0	0	0	0	0	0	0	0
Otu03294	0	0	0	0	0	0	0	0	0	0	5	0	0	0	0	0	0	0	0	0
Otu03300	0	0	0	0	0	0	0	0	0	0	5	0	0	0	0	0	0	0	0	0
Otu03309	0	0	0	0	0	0	0	0	0	0	0	0	0	0	0	0	0	0	0	5
Otu03321	0	0	0	0	0	0	0	0	0	0	0	0	0	0	0	0	0	4	0	0
Otu03340	0	0	0	0	0	0	0	0	0	0	3	0	0	0	0	0	0	0	0	0
Otu03358	0	0	0	0	0	0	0	0	0	0	0	0	0	0	5	0	0	0	0	0
Otu03379	0	0	0	0	0	0	0	0	0	0	0	0	0	0	5	0	0	0	0	0
Otu03390	0	0	0	0	0	0	0	0	0	0	0	0	0	0	0	3	0	0	1	0
Otu03392	0	0	0	0	0	0	3	0	0	0	0	0	0	0	0	0	0	0	0	0
Otu03430	0	0	0	0	0	0	0	0	0	5	0	0	0	0	0	0	0	0	0	0
Otu03431	0	0	0	0	0	0	0	1	0	1	0	0	0	1	0	0	0	0	0	0
Otu03448	5	0	0	0	0	0	0	0	0	0	0	0	0	0	0	0	0	0	0	0
Otu03455	0	0	1	0	1	0	0	0	0	0	1	0	0	0	0	0	0	0	0	0
Otu03462	0	0	5	0	0	0	0	0	0	0	0	0	0	0	0	0	0	0	0	0
Otu03496	0	0	0	0	0	0	0	0	0	0	0	0	0	0	4	0	0	0	0	0
Otu03512	0	0	0	0	0	0	0	0	0	0	0	0	0	0	0	0	0	0	4	0
Otu03516	0	0	0	0	0	0	0	0	0	0	0	0	0	0	0	0	0	0	3	0
Otu03519	0	0	0	0	0	0	0	0	0	0	0	0	4	0	0	0	0	0	0	0
Otu03538	0	0	0	0	0	0	0	1	0	0	0	0	0	0	0	0	0	1	1	0
Otu03579	0	0	0	0	0	0	0	0	0	0	0	0	0	0	0	0	0	4	0	0
Otu03584	0	0	0	0	0	0	0	0	0	0	0	0	0	0	4	0	0	0	0	0
Otu03701	0	0	0	0	0	0	0	0	0	0	0	0	0	0	0	4	0	0	0	0
Otu03707	0	0	0	0	0	0	0	0	0	0	0	0	0	0	0	4	0	0	0	0
Otu03752	0	0	0	0	0	0	0	0	0	0	0	0	0	0	4	0	0	0	0	0
Otu03796	0	0	0	0	0	0	0	0	0	0	0	0	0	0	0	0	4	0	0	0
Otu03803	3	0	0	0	0	0	0	0	0	0	0	0	0	0	0	0	0	0	0	0
Otu03809	0	0	0	0	0	0	0	0	0	4	0	0	0	0	0	0	0	0	0	0
Otu03813	3	0	0	0	0	0	0	0	0	0	0	0	0	0	0	0	0	0	0	0
Otu03816	0	0	0	0	0	0	4	0	0	0	0	0	0	0	0	0	0	0	0	0
Otu03841	0	0	0	0	0	0	0	0	4	0	0	0	0	0	0	0	0	0	0	0
Otu03842	0	0	0	0	0	0	0	4	0	0	0	0	0	0	0	0	0	0	0	0
Otu03863	0	0	0	0	0	0	0	0	0	0	0	0	0	4	0	0	0	0	0	0
Otu03867	0	0	0	0	0	0	0	0	0	0	3	0	0	0	0	0	0	0	0	0
Otu03869	0	0	0	0	0	0	0	0	0	0	0	0	0	0	0	0	0	4	0	0
Otu03922	0	0	0	0	0	0	0	0	3	0	0	0	0	0	0	0	0	0	0	0
Otu03930	0	0	0	0	0	0	0	0	3	0	0	0	0	0	0	0	0	0	0	0
Otu03931	0	0	0	0	0	0	0	0	0	0	0	0	0	0	0	0	0	3	0	0
Otu03932	0	0	0	0	0	0	0	0	3	0	0	0	0	0	0	0	0	0	0	0
Otu03933	0	0	2	1	0	0	0	0	0	0	0	0	0	0	0	0	0	0	0	0
Otu03971	0	0	0	0	0	0	0	0	0	0	3	0	0	0	0	0	0	0	0	0
Otu03984	0	0	0	0	0	0	0	0	0	0	0	0	0	0	0	0	3	0	0	0
Otu04005	0	0	0	0	0	0	0	0	0	0	0	0	0	0	0	0	3	0	0	0
Otu04037	0	0	0	0	0	0	0	0	0	0	3	0	0	0	0	0	0	0	0	0
Otu04071	0	0	0	0	0	0	0	0	0	0	0	0	0	0	0	0	0	3	0	0
Otu04094	0	0	0	0	0	0	0	0	0	0	0	0	0	0	0	0	0	0	3	0
Otu04121	0	0	0	0	0	0	0	0	0	0	0	0	0	0	0	0	0	0	3	0
Otu04122	0	0	0	0	0	0	0	0	0	0	0	0	0	0	0	0	0	3	0	0
Otu04127	0	0	0	0	0	0	0	3	0	0	0	0	0	0	0	0	0	0	0	0
Otu04197	0	0	0	0	0	0	0	0	0	0	0	0	1	2	0	0	0	0	0	0
Otu04244	0	0	0	0	0	0	0	0	0	0	0	3	0	0	0	0	0	0	0	0
Otu04269	0	0	0	0	0	0	0	0	0	0	0	0	0	0	3	0	0	0	0	0
Otu04290	0	0	0	0	0	0	0	0	0	0	0	0	0	0	3	0	0	0	0	0
Otu04368	3	0	0	0	0	0	0	0	0	0	0	0	0	0	0	0	0	0	0	0
Otu04382	0	0	0	0	0	0	0	0	0	0	0	0	0	0	3	0	0	0	0	0
Otu04392	0	0	0	0	0	0	0	0	3	0	0	0	0	0	0	0	0	0	0	0
Otu04464	0	0	3	0	0	0	0	0	0	0	0	0	0	0	0	0	0	0	0	0
