OTU_id	F14RhizoFungi.2p.A2	F14RhizoFungi.2p.B1	F14RhizoFungi.2p.B5	F14RhizoFungi.2p.B6	F14RhizoFungi.2p.D4	F14RhizoFungi.H12	F14RhizoFungi.G8	F14RhizoFungi.G4	F14RhizoFungi.G2	F14RhizoFungi.G5	F15RhizoFungi.2p.A2	F15RhizoFungi.2p.B6	F15RhizoFungi.2p.C5	F15RhizoFungi.2p.C3	F15RhizoFungi.2p.D2	F15RhizoFungi.2p.C4	F15Group.Rhizo131	F15Group.Rhizo99	F15RhizoFungi.G3	F15RhizoFungi.G8
Otu00001	5	1	0	0	0	0	0	0	1	0	0	0	1	2	0	2	384	1	6	2
Otu00002	175	1650	1	1391	2002	334	3	4	2	2	0	0	147	9	510	75	0	7	1	2
Otu00003	572	63	184	236	219	367	4	0	2	2	130	4	286	0	29	2	0	2	3	2
Otu00004	162	2190	409	144	964	404	273	194	282	48	11	1691	2166	1177	1026	1828	732	163	23	2
Otu00005	826	269	692	943	691	517	1101	570	711	927	32	130	109	98	89	15	187	98	148	0
Otu00006	282	408	878	655	410	1161	268	95	455	249	126	30	138	150	280	41	22	134	76	3
Otu00007	261	126	252	232	227	232	386	445	397	70	276	118	144	82	476	20	304	392	198	57
Otu00008	5	0	1	0	0	0	6	0	0	0	110	12	8	3	0	6	633	0	48	631
Otu00009	2	10	18	2	15	108	14	77	46	13	38	74	42	207	28	106	6	4	27	21
Otu00010	18	9	6	4	2	16	10	120	1	28	0	1	8	0	0	275	0	12	0	51
Otu00011	28	1	1	0	0	2	8	0	1	8	0	0	0	0	0	2	0	0	0	0
Otu00012	10	8	432	178	0	6	886	980	443	125	1	2	1	0	9	0	167	941	236	1631
Otu00013	20	16	32	4	0	0	0	0	0	237	71	2	0	0	0	0	13	0	0	0
Otu00014	1617	78	1060	1745	651	725	11	3	3	1	0	237	22	252	1	382	48	2	71	0
Otu00015	0	3	1	0	0	3	3	4	3	12	1	2	2	19	1	9	3	9	2	16
Otu00016	0	2	0	0	0	7	4	486	140	1	36	5	5	3	4	0	327	41	10	33
Otu00017	8	18	18	4	31	101	0	0	62	1	53	116	31	68	29	2	34	2	67	119
Otu00018	2	0	0	1	0	40	0	0	14	2	14	13	19	6	2	6	5	17	19	22
Otu00019	23	1	8	29	35	54	110	163	21	134	175	2	218	54	80	628	15	57	14	80
Otu00020	115	43	223	67	122	124	4	25	7	9	131	57	64	459	338	22	0	15	4	1
Otu00022	259	50	54	42	153	114	3	106	2	33	120	23	37	103	264	32	1	80	3	2
Otu00023	7	17	11	6	5	4	2	4	3	2	7	4	0	0	2	0	0	4	3	2
Otu00024	3	20	59	3	10	42	238	224	232	43	31	219	10	139	3	287	70	33	132	90
Otu00025	28	21	87	31	8	13	16	183	17	24	319	11	32	19	75	2	14	60	33	58
Otu00026	0	19	0	0	0	0	0	0	2	0	3	3	1	1	0	3	2	3	3	2
Otu00027	8	5	1	47	0	18	75	9	4	11	6	1	0	18	1	5	14	132	142	159
Otu00028	7	25	4	6	13	38	34	33	0	39	13	7	23	23	0	4	14	50	12	0
Otu00029	0	14	0	0	1	9	0	14	7	9	0	1	0	15	5	0	0	0	1	0
Otu00030	4	33	1	0	0	21	60	6	92	8	2	109	6	15	11	24	22	7	27	45
Otu00031	0	0	0	0	0	0	0	0	0	0	56	0	15	30	7	11	6	0	1	5
Otu00032	1	14	3	0	2	1	113	15	38	9	6	11	7	23	8	15	14	11	9	16
Otu00033	134	23	21	25	29	145	51	1	140	14	0	11	3	10	80	2	1	7	1	0
Otu00034	31	4	88	15	25	56	0	0	0	0	47	12	2	0	1	0	21	0	11	15
Otu00035	0	0	0	1	1	0	35	12	10	19	137	83	3	0	2	2	72	667	797	64
Otu00036	0	0	0	0	0	0	0	0	0	0	1612	0	0	85	0	0	0	0	0	0
Otu00037	55	99	3	11	7	0	1	0	0	1	0	4	1	0	6	608	1	0	0	0
Otu00038	0	0	0	0	0	0	51	0	176	1	1	2	0	0	0	1	15	359	61	132
Otu00039	2	0	0	0	0	0	0	0	0	0	3	3	0	12	0	0	0	0	0	0
Otu00040	0	0	0	0	0	0	0	0	0	0	0	0	0	0	0	0	0	2	1	0
Otu00041	0	0	0	0	0	1	0	41	0	0	0	1	1	0	1	0	0	0	1	1
Otu00043	0	0	0	0	0	0	180	0	0	0	0	0	0	0	0	0	0	3	0	0
Otu00044	0	0	2	1	1	0	0	0	0	0	0	0	0	5	15	5	0	0	1	0
Otu00045	0	0	2	4	0	0	3	51	1	25	0	1	5	78	0	7	0	0	4	4
Otu00046	0	0	0	0	0	0	0	0	0	0	0	0	0	0	0	1	60	66	3	4
Otu00047	47	0	5	1	4	1	587	46	224	45	0	1	0	0	0	0	141	113	270	334
Otu00048	0	0	1	0	0	0	51	177	1	0	0	143	0	2	71	2	0	1	0	1
Otu00050	10	20	25	6	16	14	87	4	38	21	9	18	15	12	55	33	10	14	14	11
Otu00051	119	15	255	78	80	115	6	2	0	5	79	38	13	96	96	10	0	1	0	0
Otu00053	0	0	1	1	1	0	0	0	0	0	0	0	0	0	0	0	0	0	0	0
Otu00054	0	1	2	0	0	0	1	0	3	0	1	20	27	0	6	28	0	0	0	0
Otu00055	0	6	5	3	3	0	69	24	69	14	0	2	0	1	0	2	25	74	27	24
Otu00058	0	0	0	0	0	0	0	0	0	0	0	2	1	1	1	0	0	0	0	0
Otu00059	0	0	0	0	1	0	0	0	0	0	1	0	0	0	0	0	0	48	7	5
Otu00060	0	0	1	0	1	4	22	47	29	1	4	2	0	3	0	0	46	0	14	11
Otu00061	2	1	1	0	0	0	0	0	0	0	0	0	0	0	0	0	0	0	0	0
Otu00062	0	2	0	0	0	0	0	0	0	0	0	3	0	1	0	0	0	0	0	0
Otu00063	0	0	0	0	0	0	20	28	6	51	0	0	0	0	0	0	470	196	93	47
Otu00064	19	2	13	12	9	32	1	3	0	38	117	19	1	0	89	0	12	18	2	0
Otu00065	0	0	0	0	0	0	8	0	2	13	0	0	0	0	0	1	0	0	1	0
Otu00067	0	0	0	0	0	0	0	0	0	0	1	0	0	0	58	4	3	0	0	0
Otu00069	0	0	0	0	0	1	2	0	486	0	0	0	0	0	0	0	20	29	34	3
Otu00070	0	9	3	0	0	1	0	0	0	0	0	2	104	0	0	0	0	0	0	0
Otu00072	1	0	0	1	1	0	1	0	0	0	20	1	0	10	0	0	0	3	0	1
Otu00073	0	0	0	0	0	0	0	50	124	0	0	1	0	0	0	0	0	0	0	0
Otu00074	0	0	0	0	0	0	1	0	0	1	0	1	0	0	0	0	0	0	0	0
Otu00075	0	0	0	0	0	0	0	5	0	1	65	10	2	3	4	4	10	0	25	30
Otu00076	9	1	11	2	12	38	2	0	0	2	7	12	17	33	9	91	2	9	6	0
Otu00077	12	0	226	6	18	1	1	0	0	0	5	4	34	0	0	6	0	27	1	0
Otu00078	3	4	58	0	0	9	114	11	5	12	4	11	9	21	400	13	12	26	56	3
Otu00079	0	1	5	0	4	11	0	0	26	0	1	3	7	0	0	10	1	3	554	52
Otu00080	6	0	1	1	8	3	0	5	2	0	42	439	4	115	23	154	0	1	0	0
Otu00082	81	0	0	0	0	0	0	0	0	0	17	0	0	0	0	0	0	0	0	0
Otu00083	0	0	0	0	0	0	2	0	17	0	6	5	35	12	29	406	0	0	22	19
Otu00084	0	0	0	6	4	0	0	0	65	5	1	0	0	0	4	4	56	0	14	0
Otu00085	2	0	0	0	0	0	21	0	0	45	0	0	0	0	0	1	0	89	6	0
Otu00086	0	0	0	0	66	0	0	0	0	0	5	0	16	4	162	9	0	0	0	0
Otu00088	0	151	0	0	81	0	0	0	1	0	0	30	0	0	18	0	0	0	7	4
Otu00089	37	0	0	0	0	1	0	0	0	0	0	1	0	0	0	2	0	0	0	0
Otu00091	0	0	0	0	0	0	0	0	1	2527	0	0	0	0	0	0	0	0	0	0
Otu00092	41	0	93	2	0	3	2	1	13	1	1	0	0	0	0	0	8	5	3	0
Otu00093	0	0	0	0	0	0	0	0	0	0	0	0	0	37	0	0	1	0	0	0
Otu00094	38	4	11	9	2	36	79	2	34	13	19	2	7	2	17	0	3	1	1	0
Otu00095	13	0	4	0	45	33	0	0	0	0	20	38	7	9	25	0	0	0	1	0
Otu00096	0	0	0	0	0	0	0	0	0	0	0	248	1	77	0	0	0	0	0	0
Otu00097	0	2	15	0	5	3	1	136	44	10	82	84	3	65	7	14	23	16	27	11
Otu00098	119	394	66	94	81	45	0	1	0	1	0	1	0	0	24	13	3	0	0	0
Otu00100	0	0	0	0	0	0	0	0	0	0	0	5	0	0	1	1	2	0	0	0
Otu00101	0	2	18	42	0	0	0	0	0	0	68	13	10	0	10	14	3	26	8	0
Otu00102	24	24	6	0	0	12	0	20	0	0	0	21	25	47	1	18	0	0	8	0
Otu00103	0	0	0	0	0	0	24	0	0	0	0	0	0	0	0	0	5	5	2	0
Otu00104	11	0	14	11	1	67	6	0	11	0	0	0	9	1	1	38	20	1	176	62
Otu00105	25	3	0	0	2	6	0	33	0	0	0	0	0	0	0	4	0	0	0	0
Otu00107	20	6	3	83	0	134	1	0	7	0	11	16	6	52	8	13	0	14	0	0
Otu00108	0	0	0	0	0	0	0	0	0	0	0	0	0	0	0	0	312	0	413	147
Otu00109	0	0	0	0	0	0	0	0	0	0	0	0	0	0	0	0	235	42	121	33
Otu00110	0	0	0	1	2	4	6	1	14	5	0	2	2	0	0	6	19	8	1	4
Otu00112	59	0	0	0	3	38	0	0	0	0	0	4	0	37	8	3	1	7	0	0
Otu00117	0	0	0	0	0	0	185	0	0	0	0	0	0	0	0	0	0	0	0	0
Otu00119	0	28	0	5	5	1	0	0	0	0	0	0	1	0	1	0	0	0	0	0
Otu00120	0	0	0	0	0	0	0	0	0	0	0	1	0	1	0	0	1	0	0	0
Otu00121	0	0	0	0	0	0	0	0	0	0	0	0	0	0	0	0	0	0	0	372
Otu00122	0	0	0	0	0	1	92	84	3	6	0	0	0	0	0	0	0	0	6	0
Otu00123	0	0	0	0	0	0	0	0	0	0	0	1	2	2	0	0	0	0	1	0
Otu00125	50	0	3	0	0	0	220	342	158	44	0	0	0	0	0	0	130	0	26	62
Otu00126	0	2	0	0	1	8	154	0	8	1	0	0	0	0	0	0	8	23	175	0
Otu00127	0	0	13	0	1	1	0	0	1	0	0	0	0	0	0	0	0	0	1	0
Otu00128	0	3	0	0	0	1	2	10	0	8	0	0	0	1	3	0	0	0	6	1
Otu00131	0	3	3	0	3	10	3	0	1	0	0	3	2	2	0	0	0	0	0	0
Otu00132	0	16	14	0	1	1	0	1	0	0	0	2	10	5	0	5	0	0	0	2
Otu00133	0	0	0	0	0	0	0	0	0	291	1	0	0	0	0	0	0	0	0	0
Otu00134	0	0	0	0	0	0	60	11	22	131	0	1	0	0	0	0	0	0	0	0
Otu00135	0	0	0	0	0	0	0	0	0	0	0	0	1	406	0	0	0	0	0	0
Otu00136	0	0	0	0	4	0	0	0	0	0	63	0	38	0	53	1	0	0	0	0
Otu00137	6	17	13	5	5	9	14	0	11	6	8	21	5	7	6	9	8	3	56	2
Otu00138	248	9	60	0	7	0	1	0	0	0	0	0	13	0	126	0	0	0	0	0
Otu00139	0	0	0	0	0	0	0	0	9	0	0	0	0	0	0	0	91	0	0	0
Otu00140	1	3	41	4	2	41	0	19	26	3	1	37	11	40	0	9	16	2	9	9
Otu00141	0	0	0	11	0	0	0	0	17	0	0	0	0	0	0	0	0	0	0	0
Otu00142	0	3	0	0	5	0	0	0	0	0	50	4	7	9	0	102	0	1	0	0
Otu00143	17	13	34	3	12	14	0	0	0	0	35	23	25	91	148	3	0	0	0	0
Otu00144	0	0	18	0	0	0	0	0	0	0	17	0	0	1	0	2	0	0	0	11
Otu00145	0	0	0	0	0	0	0	0	0	0	0	0	0	0	0	0	0	4	0	0
Otu00146	1	0	0	0	0	0	0	0	0	1	0	1	0	0	0	0	0	0	0	0
Otu00147	0	0	0	0	0	0	7	0	1	0	0	0	0	0	0	0	0	0	0	0
Otu00148	0	11	18	0	0	1	15	10	13	4	8	16	0	2	5	9	63	4	36	16
Otu00149	43	2	0	0	15	0	0	33	0	15	17	0	1	10	0	3	0	0	0	0
Otu00150	0	1	0	0	0	0	0	20	0	0	0	1	16	1	0	4	0	0	0	0
Otu00151	4	0	16	1	0	0	21	25	41	0	17	3	2	2	13	1	98	0	33	132
Otu00154	0	0	0	0	0	0	4	0	2	0	0	0	0	0	0	0	0	0	0	0
Otu00155	0	0	0	0	0	0	7	15	39	50	0	0	0	0	0	0	10	47	5	1
Otu00156	0	0	1	3	7	4	0	0	0	3	18	0	39	1	132	107	1	0	17	0
Otu00157	0	0	0	0	0	1	6	11	9	4	0	1	1	1	0	1	11	1	105	1
Otu00158	0	0	0	0	0	0	0	0	0	0	0	0	0	0	0	0	18	130	2	0
Otu00160	0	7	0	0	0	0	0	0	0	4	0	5	0	0	0	2	0	6	13	0
Otu00161	0	0	1	1	0	0	1	1	2	1	1	0	0	0	0	0	10	277	10	51
Otu00162	4	18	6	0	11	5	0	0	0	0	51	0	1	5	1	0	0	2	7	0
Otu00163	0	0	0	0	0	0	0	0	0	13	0	0	0	0	0	0	0	0	1	10
Otu00164	8	0	7	0	0	1	2	31	6	0	38	0	2	0	6	0	4	2	0	14
Otu00166	0	0	0	0	0	0	0	0	0	0	0	0	0	0	0	0	0	0	0	337
Otu00167	0	0	0	0	0	0	0	0	0	0	0	0	0	0	0	0	222	1	151	48
Otu00168	7	0	0	0	3	0	0	0	0	0	14	0	5	4	2	0	0	0	0	0
Otu00169	10	13	6	0	2	10	0	1	0	0	1	12	7	0	0	2	0	0	0	0
Otu00170	28	7	7	0	2	22	0	0	0	0	28	26	0	13	41	0	0	1	0	0
Otu00172	0	2	0	0	0	0	0	0	16	13	0	1	0	0	0	2	1	0	0	0
Otu00173	0	0	5	0	0	16	0	0	0	0	0	0	1	0	1	1	0	0	0	0
Otu00174	5	0	24	28	2	27	0	0	0	0	75	1	34	59	4	15	0	1	1	0
Otu00175	0	0	0	0	0	0	0	0	0	140	0	0	0	0	0	0	0	0	0	0
Otu00176	0	0	0	0	2	9	0	6	3	0	0	1	0	0	0	0	0	1	4	0
Otu00177	0	0	0	0	0	0	0	0	29	0	0	0	0	0	0	0	0	0	0	0
Otu00178	0	0	0	0	0	1	0	0	0	0	0	0	0	0	0	25	0	5	0	0
Otu00179	0	14	0	0	0	4	0	0	0	0	0	0	0	0	1	0	0	136	0	0
Otu00180	0	0	0	0	0	0	0	67	0	13	0	0	0	0	0	0	0	0	79	20
Otu00182	0	0	0	0	0	0	0	0	0	0	0	0	0	0	0	0	0	204	0	0
Otu00184	12	0	0	0	0	0	0	0	0	0	0	0	0	0	0	0	0	0	0	0
Otu00185	36	22	43	2	90	141	0	0	0	0	0	1	0	2	0	3	0	0	3	0
Otu00186	0	0	0	0	0	0	0	0	5	0	0	2	0	0	12	3	0	0	0	2
Otu00187	0	0	0	0	0	0	0	0	0	0	31	12	9	0	0	0	0	0	0	0
Otu00189	0	0	2	0	6	16	0	50	4	0	0	3	0	2	0	1	0	0	7	32
Otu00190	0	0	0	0	0	0	0	0	0	0	7	11	22	48	90	10	0	0	0	0
Otu00192	1	3	7	11	6	9	3	2	9	0	0	0	0	1	0	1	0	7	6	0
Otu00193	0	0	0	0	0	0	0	0	0	0	3	1133	0	0	0	0	0	1	0	0
Otu00194	10	0	5	0	0	2	0	0	1	0	0	0	0	0	6	0	0	0	0	0
Otu00195	0	0	0	0	0	0	0	0	0	9	0	0	0	0	0	0	0	0	0	0
Otu00196	3	27	10	0	1	38	0	0	35	0	4	2	21	8	8	8	0	0	0	89
Otu00197	0	0	0	0	0	0	0	0	0	0	0	0	0	0	0	8	0	0	0	0
Otu00198	4	0	0	0	0	6	8	0	1	9	0	0	0	0	16	0	19	15	77	0
Otu00199	0	0	0	0	0	0	10	100	68	3	0	0	0	2	0	1	2	8	61	38
Otu00200	0	0	4	0	5	6	0	0	0	0	5	8	9	8	7	2	0	0	0	1
Otu00201	0	0	0	0	0	0	5	6	0	13	0	0	0	1	0	0	7	0	8	20
Otu00202	0	0	0	0	0	0	0	0	0	0	0	2	0	377	0	2	0	0	0	0
Otu00203	3	0	0	1	1	0	0	0	0	0	0	0	1	0	0	0	0	0	0	0
Otu00204	20	0	17	0	20	3	0	0	0	0	0	122	38	11	0	15	12	0	1	0
Otu00206	0	0	15	0	22	8	5	11	93	0	2	2	0	0	19	0	0	7	21	0
Otu00208	0	0	0	0	0	0	0	0	1	0	8	19	2	39	5	29	4	5	2	0
Otu00210	20	0	0	0	0	0	0	0	8	0	0	0	0	0	0	3	0	0	0	0
Otu00211	0	0	4	1	1	0	2	0	1	0	1	0	0	0	1	1	0	0	0	2
Otu00213	48	1	7	0	2	48	0	0	0	0	149	11	0	44	0	0	1	0	1	0
Otu00214	9	0	0	0	0	0	0	31	0	0	0	0	0	0	0	0	0	0	0	0
Otu00216	0	0	0	0	0	0	0	16	0	0	0	0	0	0	0	0	0	11	0	0
Otu00217	0	0	0	0	1	0	0	0	0	0	16	0	9	0	39	0	0	0	0	0
Otu00218	0	1	0	0	0	0	0	0	0	0	0	0	4	36	86	1	0	0	0	0
Otu00220	0	0	0	0	0	0	0	0	0	0	15	0	0	0	0	0	191	0	0	0
Otu00221	0	7	0	0	1	0	0	0	0	0	0	0	0	0	0	0	0	0	0	0
Otu00222	4	1	0	7	0	0	0	35	0	1	8	0	0	8	0	3	1	0	0	0
Otu00223	0	0	0	0	0	0	0	0	0	0	0	0	0	0	0	70	0	0	0	0
Otu00224	0	0	0	5	3	2	0	0	0	0	10	21	0	39	6	23	0	1	1	1
Otu00225	20	0	11	0	49	35	0	0	0	0	0	0	2	0	4	0	0	0	0	0
Otu00226	0	4	0	0	0	0	0	0	0	0	0	0	2	21	0	0	0	0	0	0
Otu00227	0	0	0	0	0	0	0	0	0	1	0	0	1	0	0	0	0	0	0	1
Otu00231	0	0	0	0	0	0	0	0	0	0	0	0	694	0	0	0	0	0	0	0
Otu00232	0	0	0	0	0	0	0	0	80	63	0	0	0	0	0	0	0	0	0	0
Otu00233	0	0	0	0	0	0	0	0	165	0	0	0	0	0	0	1	0	0	0	0
Otu00234	0	0	0	0	0	0	3	164	0	4	0	0	0	0	0	0	2	0	0	0
Otu00235	0	0	0	0	0	0	0	0	0	0	0	0	0	5	1	26	0	0	1	12
Otu00236	0	0	0	0	0	0	0	0	0	0	0	0	7	52	0	6	0	3	11	0
Otu00237	0	0	0	0	0	0	3	0	0	0	0	0	0	0	0	0	1	0	8	0
Otu00238	6	1	0	1	1	1	0	0	0	0	0	0	3	0	1	0	0	0	0	0
Otu00239	0	0	0	0	0	0	0	22	0	0	0	0	0	0	0	0	0	1	0	0
Otu00240	0	4	0	0	0	0	0	0	2	0	0	0	2	3	11	4	0	0	0	0
Otu00241	0	0	0	0	0	13	0	0	0	0	0	0	0	0	0	0	0	2	0	0
Otu00242	0	0	1	0	0	4	0	0	0	12	8	0	0	0	0	0	0	0	0	0
Otu00245	0	0	0	0	0	0	8	15	0	3	7	0	17	1	0	0	0	5	4	0
Otu00247	52	0	0	0	0	28	0	0	0	0	0	0	0	0	0	0	0	0	0	0
Otu00248	0	4	1	0	0	2	20	5	18	0	0	1	0	1	14	0	18	21	15	0
Otu00249	0	0	0	0	12	0	0	0	0	0	0	0	9	0	41	0	0	0	0	0
Otu00250	12	0	33	1	9	53	0	1	0	0	0	0	0	20	0	4	0	0	0	0
Otu00251	0	0	0	1	0	0	0	35	0	0	0	0	0	0	0	0	0	0	0	0
Otu00252	0	0	0	0	0	0	5	0	27	0	0	0	0	0	0	0	0	0	0	0
Otu00254	0	0	0	0	0	0	0	0	0	0	452	11	0	0	0	1	0	49	0	7
Otu00255	0	0	0	0	0	0	0	27	7	0	0	0	0	0	0	0	1	0	163	29
Otu00257	23	0	18	47	2	11	0	12	0	0	0	1	0	5	20	1	10	0	0	24
Otu00258	0	0	0	0	0	0	0	0	0	0	0	0	0	0	0	0	7	0	1	0
Otu00259	0	0	0	0	0	0	0	0	0	124	0	0	0	0	0	0	0	5	0	0
Otu00260	0	0	0	0	0	0	0	0	0	0	21	0	2	2	0	0	0	32	0	0
Otu00261	0	0	1	0	0	0	0	0	0	0	0	0	0	0	0	2	0	0	10	0
Otu00262	0	3	18	0	9	5	0	0	0	0	2	9	18	46	26	8	0	0	0	1
Otu00263	0	0	38	4	8	19	0	0	0	0	0	21	10	29	13	0	16	0	0	0
Otu00264	0	0	0	0	0	0	28	12	9	1	0	0	0	0	1	0	19	0	46	9
Otu00265	0	0	0	1	0	0	0	47	41	0	0	0	0	0	0	0	0	0	0	0
Otu00266	0	0	3	0	0	0	0	0	0	0	4	6	3	52	2	12	0	0	0	0
Otu00267	0	0	0	0	0	0	0	0	0	114	0	0	0	0	0	0	0	0	0	0
Otu00268	2	0	0	0	0	0	0	0	0	0	0	0	0	0	0	1	0	0	0	0
Otu00269	0	0	0	0	0	0	0	0	0	0	0	1	1	0	0	66	0	0	0	0
Otu00270	0	0	0	0	0	0	16	82	14	21	0	0	0	0	0	0	1	8	5	7
Otu00271	0	0	0	0	0	0	0	0	0	0	0	0	0	0	0	37	4	0	287	48
Otu00272	0	0	2	0	0	8	39	4	72	12	0	5	0	0	0	0	0	5	14	66
Otu00274	0	8	0	0	0	0	0	0	0	0	0	0	0	1	0	0	0	0	0	1
Otu00275	1	0	2	0	0	0	0	6	0	0	0	0	0	17	0	1	0	0	0	0
Otu00276	0	0	0	0	0	0	0	6	0	0	0	173	0	0	0	0	0	0	0	302
Otu00277	0	29	0	0	0	1	0	0	0	0	0	0	0	0	0	0	0	0	18	0
Otu00278	0	0	2	0	0	0	0	0	0	0	0	3	1	0	0	0	0	0	0	0
Otu00280	0	0	4	1	2	6	0	0	0	0	24	17	5	7	12	2	0	1	0	0
Otu00281	0	0	0	0	0	0	0	0	0	0	13	0	8	1	0	0	0	0	0	0
Otu00282	15	3	7	0	7	38	22	0	25	10	0	0	1	0	7	0	0	0	11	18
Otu00283	0	0	0	0	0	1	0	0	2	2	0	0	1	5	0	0	1	3	0	0
Otu00284	0	0	0	0	0	0	0	5	7	1	4	39	2	20	0	6	1	3	3	1
Otu00285	0	0	0	0	0	0	0	0	0	0	0	0	0	53	0	0	0	1	0	0
Otu00286	12	0	3	0	0	6	0	0	0	0	0	0	0	0	0	0	0	0	0	0
Otu00287	0	0	0	0	0	0	0	0	8	10	0	0	0	0	0	0	14	0	5	24
Otu00288	0	0	0	0	0	0	0	5	0	9	0	0	1	0	2	0	0	124	0	0
Otu00289	1	0	0	0	0	27	0	0	0	0	0	0	0	0	0	0	0	0	0	0
Otu00290	0	0	0	0	0	0	0	0	0	0	4	0	0	0	0	0	0	1	0	58
Otu00291	0	0	1	0	0	0	5	1	0	1	0	0	0	0	0	1	12	15	10	0
Otu00292	0	2	3	0	2	2	0	0	1	6	7	1	3	77	0	3	0	0	0	1
Otu00293	0	0	0	0	0	0	0	0	0	0	0	0	80	11	0	4	0	0	0	0
Otu00294	0	0	0	0	0	0	0	0	0	44	0	0	0	0	0	0	0	0	0	0
Otu00295	1	2	3	1	0	1	1	0	0	4	0	3	15	14	2	10	5	1	9	2
Otu00297	0	0	0	7	1	0	0	0	2	0	0	0	0	0	0	0	0	0	0	0
Otu00298	7	27	12	0	4	0	0	0	0	0	12	0	0	0	118	0	13	0	0	0
Otu00301	2	0	7	0	0	2	0	0	0	0	0	1	0	0	0	0	0	0	0	0
Otu00303	0	0	0	0	0	0	5	0	0	0	0	0	0	0	0	0	0	0	0	0
Otu00304	0	0	10	33	26	6	0	12	0	0	0	5	1	0	2	0	0	0	26	7
Otu00305	1	0	33	0	5	6	0	0	0	0	0	0	0	0	0	0	0	0	0	0
Otu00307	0	0	0	0	0	0	0	0	0	0	0	1	3	2	0	0	0	0	0	0
Otu00308	0	9	0	0	0	0	0	1	0	94	0	0	1	8	0	0	0	0	0	0
Otu00310	4	0	1	0	3	4	4	0	0	7	0	2	0	0	0	6	8	2	5	1
Otu00313	0	0	0	0	0	0	0	0	0	0	0	0	0	0	6	27	0	0	0	0
Otu00314	8	0	2	0	2	0	0	0	0	0	0	0	0	1	0	0	0	0	0	0
Otu00315	0	0	0	0	0	0	10	0	26	27	0	0	0	0	0	0	0	25	1	30
Otu00316	0	0	0	0	0	0	0	0	0	0	0	0	0	0	0	0	5	51	0	6
Otu00318	0	0	0	0	0	0	0	44	0	20	8	0	0	0	0	0	0	0	0	0
Otu00320	5	0	3	0	0	0	0	0	4	0	0	0	0	0	0	0	0	0	12	0
Otu00321	0	0	0	0	12	0	0	0	0	0	0	0	1	0	0	1	0	0	0	0
Otu00322	0	0	0	0	0	0	0	0	0	0	25	0	1	0	26	0	0	0	0	0
Otu00324	0	0	1	0	4	0	1	0	0	0	0	0	53	0	0	1	0	0	0	0
Otu00325	0	0	0	0	0	0	0	0	0	0	37	0	12	4	0	1	0	0	0	0
Otu00326	27	0	0	0	4	0	0	0	0	0	0	0	0	0	0	0	0	0	0	0
Otu00327	0	0	0	0	0	0	0	0	0	0	15	0	377	0	0	0	0	0	0	0
Otu00328	0	0	6	0	0	0	4	0	0	0	46	2	0	0	16	3	0	0	0	0
Otu00329	4	0	15	11	0	0	0	0	0	0	1	0	0	0	0	0	0	0	0	0
Otu00330	0	0	0	0	0	0	0	1	0	0	2	0	0	2	0	0	1	0	0	0
Otu00331	0	9	6	3	2	6	4	20	11	7	8	7	5	18	0	5	0	1	0	0
Otu00335	0	0	0	0	0	0	0	0	0	3	0	1	1	7	0	4	0	3	0	0
Otu00338	0	0	0	0	0	0	0	0	0	0	0	0	0	0	0	0	0	0	15	11
Otu00340	7	0	0	1	0	0	0	0	0	0	0	0	0	0	0	0	0	0	0	0
Otu00341	0	0	0	0	0	0	0	0	0	0	0	1	0	7	20	0	0	4	2	5
Otu00344	0	0	0	0	0	0	0	0	0	0	0	0	0	0	0	0	0	91	0	0
Otu00345	0	0	0	0	0	0	0	0	0	0	5	0	2	3	8	5	0	0	0	0
Otu00346	0	29	0	22	0	0	0	0	0	0	7	0	5	0	0	1	0	0	0	0
Otu00347	0	0	0	0	0	4	0	0	0	0	0	0	0	148	0	0	0	0	0	0
Otu00348	19	0	0	0	0	38	0	0	0	0	0	0	0	0	0	5	0	0	0	0
Otu00349	0	0	0	0	0	0	0	0	0	0	1	5	0	17	7	2	1	0	1	0
Otu00350	0	0	0	0	0	0	0	32	0	0	0	0	0	0	0	0	0	0	0	0
Otu00352	0	0	0	0	0	0	0	0	0	0	46	0	0	0	0	0	0	0	0	0
Otu00353	0	0	0	0	0	0	0	0	0	0	0	1	4	0	0	0	0	14	0	0
Otu00355	0	0	0	0	0	0	0	0	0	0	0	0	0	0	0	0	3	15	0	0
Otu00356	0	6	0	0	13	0	0	0	0	0	0	0	0	4	0	0	0	0	0	0
Otu00357	0	0	0	0	0	0	0	0	2	0	0	0	0	0	0	0	1	0	0	2
Otu00359	0	0	0	0	0	0	0	0	0	0	0	0	0	0	0	0	0	0	0	3
Otu00360	0	0	0	0	0	0	0	0	0	0	0	0	0	0	0	0	0	0	0	135
Otu00361	0	0	0	0	10	0	0	0	0	0	0	0	0	0	52	0	0	0	0	0
Otu00362	0	0	0	0	0	0	0	0	108	0	0	0	0	0	0	0	0	0	0	0
Otu00363	1	2	0	3	0	0	0	0	0	0	0	0	0	0	0	0	0	0	0	0
Otu00364	0	0	0	0	0	0	0	0	0	0	0	36	0	0	0	0	0	0	0	1
Otu00366	12	0	0	0	0	37	0	0	16	0	0	7	1	0	0	0	4	4	9	0
Otu00367	0	0	0	0	0	0	0	0	0	0	0	0	0	0	0	0	0	9	0	0
Otu00370	0	0	0	0	0	0	0	0	0	0	0	0	0	3	2	0	0	0	0	0
Otu00371	0	0	1	0	0	0	2	17	13	0	0	10	0	0	7	2	9	0	6	0
Otu00373	0	0	0	0	0	0	0	0	0	0	0	0	0	1	0	0	0	11	0	1
Otu00374	0	5	0	0	0	0	0	0	0	0	9	0	3	5	25	1	0	1	0	0
Otu00375	0	0	0	0	0	0	0	0	2	0	0	0	0	0	0	0	0	0	1	0
Otu00376	0	0	0	0	0	0	4	0	0	0	0	0	0	0	0	0	0	0	10	0
Otu00377	0	0	0	0	0	0	0	0	0	0	37	0	268	0	0	0	0	0	0	0
Otu00378	2	3	1	0	4	0	4	0	2	1	9	3	0	2	3	12	1	2	3	4
Otu00379	13	1	13	0	6	10	0	0	1	0	9	6	4	22	7	0	0	0	0	0
Otu00380	0	0	3	0	1	10	0	0	0	0	0	0	0	0	0	0	0	0	0	0
Otu00382	0	0	0	0	0	0	0	0	0	0	0	3	0	0	0	0	0	0	0	0
Otu00383	0	0	0	0	0	0	0	0	0	0	0	47	0	0	0	3	0	0	0	0
Otu00384	0	9	0	0	0	0	0	0	0	0	0	0	8	0	0	6	0	0	0	0
Otu00386	0	0	0	0	1	0	11	1	0	0	0	0	0	0	0	0	0	0	0	0
Otu00387	0	0	0	0	0	0	9	0	0	0	0	0	1	0	0	0	0	5	2	14
Otu00388	1	0	0	0	0	1	4	0	1	0	0	0	0	0	0	0	12	0	6	0
Otu00389	0	0	0	0	0	0	0	0	0	0	19	4	2	0	69	2	0	0	0	0
Otu00391	0	0	0	0	0	0	14	12	1	12	1	0	0	0	0	0	0	0	1	45
Otu00392	0	1	1	0	0	0	0	0	0	0	0	0	0	0	1	0	0	0	1	0
Otu00395	0	0	0	0	0	0	0	0	0	0	0	0	0	0	0	0	0	230	0	0
Otu00396	2	0	0	0	1	8	0	0	0	1	1	13	1	20	11	0	2	0	1	0
Otu00397	0	0	0	0	3	0	0	0	0	0	0	0	0	0	0	0	0	0	0	0
Otu00398	2	0	0	0	0	0	0	1	0	0	26	1	11	40	1	3	0	3	0	0
Otu00399	0	0	0	0	0	0	72	0	68	0	0	0	0	0	0	0	0	1	0	0
Otu00400	9	0	0	0	0	2	0	0	0	0	3	0	0	0	0	8	0	0	0	0
Otu00401	0	0	0	0	0	0	0	0	0	0	0	1	0	13	0	0	0	3	0	0
Otu00403	0	0	0	0	0	0	0	0	0	0	0	0	0	0	0	13	0	1	0	0
Otu00404	0	0	0	0	0	0	0	0	0	0	0	0	0	0	0	0	0	9	0	0
Otu00405	0	3	0	0	0	0	0	0	0	0	0	0	0	0	0	0	0	0	0	0
Otu00412	0	0	14	0	0	27	0	2	0	0	0	0	0	0	0	4	0	0	9	0
Otu00413	10	0	0	0	0	0	1	0	0	0	0	0	0	0	0	16	9	0	0	0
Otu00415	0	20	1	0	0	0	5	64	0	0	0	0	0	0	1	0	0	0	10	0
Otu00418	0	0	0	0	0	0	0	0	5	0	11	0	0	0	0	0	0	0	0	0
Otu00419	0	0	0	0	0	0	4	25	11	1	2	15	0	3	0	1	3	0	1	2
Otu00422	3	0	12	2	0	0	0	0	0	0	0	0	0	0	0	0	0	0	0	0
Otu00423	0	0	0	0	0	0	0	0	0	0	0	2	0	1	0	0	0	0	0	0
Otu00424	0	0	0	0	0	0	1	0	0	0	0	0	0	2	0	39	0	0	0	0
Otu00426	0	0	2	0	0	0	6	0	2	0	2	0	0	0	10	1	13	13	14	0
Otu00427	0	0	1	0	2	3	7	0	9	0	0	20	1	1	0	3	11	0	6	4
Otu00428	0	0	5	12	0	0	0	0	0	0	0	10	0	0	0	0	7	0	6	0
Otu00429	0	0	0	0	0	0	0	0	0	0	0	0	0	1	50	0	0	0	0	0
Otu00430	12	0	26	0	0	0	0	0	0	2	0	0	0	0	0	0	0	38	2	0
Otu00431	1	0	0	0	0	1	0	0	0	0	0	0	0	0	0	1	0	0	0	0
Otu00432	1	0	0	2	1	0	0	0	0	0	0	0	0	0	1	0	0	0	0	0
Otu00433	0	0	0	0	0	0	0	0	0	0	3	0	0	0	0	0	0	0	0	0
Otu00435	0	0	0	0	0	0	7	39	0	39	0	0	0	0	0	0	9	0	0	0
Otu00436	5	0	7	0	0	0	0	0	0	0	0	0	0	0	0	0	0	0	0	0
Otu00437	0	0	0	0	0	0	3	0	0	0	0	0	0	0	0	0	0	0	8	0
Otu00438	0	0	32	0	0	0	0	0	0	0	0	0	0	0	15	3	0	0	3	0
Otu00442	1	0	0	0	0	2	0	0	0	0	0	0	0	5	0	0	0	0	0	0
Otu00444	0	0	0	0	0	0	0	0	0	0	0	0	0	0	0	0	0	33	2	0
Otu00446	0	0	0	0	0	0	1	0	0	0	0	0	0	0	29	0	0	0	0	0
Otu00447	0	0	0	0	0	8	0	0	0	0	0	11	0	0	0	0	3	0	28	0
Otu00448	0	0	0	23	2	0	0	0	1	0	0	0	0	0	0	0	0	0	0	0
Otu00449	0	0	0	0	0	0	0	10	0	0	0	0	0	0	0	0	0	0	0	0
Otu00450	1	0	0	1	0	6	0	0	0	0	1	1	0	3	0	0	0	21	0	0
Otu00451	0	0	0	0	0	0	0	0	0	4	0	0	0	0	0	0	0	0	0	0
Otu00452	0	0	0	0	0	0	0	0	0	52	1	0	1	0	0	0	0	0	0	0
Otu00453	0	0	7	0	2	0	0	0	0	0	0	10	0	0	0	0	0	0	0	0
Otu00454	0	0	0	0	0	7	0	0	0	0	0	0	0	0	0	0	0	0	0	0
Otu00456	0	0	0	0	0	0	0	0	0	0	0	0	0	9	12	0	0	0	0	0
Otu00457	0	0	0	0	0	0	0	0	0	0	0	0	0	0	0	0	50	0	21	0
Otu00459	0	0	0	0	0	0	0	0	0	0	0	0	0	0	6	0	0	0	0	0
Otu00462	0	0	0	0	0	0	0	0	0	0	0	0	0	0	20	0	0	0	0	0
Otu00464	1	3	0	2	0	0	0	0	0	0	0	0	2	0	0	0	0	0	0	0
Otu00466	0	0	0	0	0	0	0	0	0	0	0	0	0	0	0	4	0	0	0	0
Otu00467	0	0	1	0	0	0	3	0	24	6	0	1	0	0	0	0	15	0	32	13
Otu00468	0	0	0	0	2	0	0	3	3	0	0	10	0	0	0	6	1	0	18	9
Otu00469	3	3	1	0	0	0	0	0	0	0	4	6	0	11	1	0	0	0	0	0
Otu00470	2	0	0	0	0	42	0	0	0	0	0	0	0	0	0	0	0	0	0	0
Otu00471	0	0	0	0	0	0	0	0	0	0	0	0	2	165	0	0	0	0	0	0
Otu00473	0	2	0	0	0	0	0	0	0	0	17	0	0	1	0	0	0	0	0	0
Otu00474	0	0	0	0	1	0	0	0	0	0	0	0	1	0	4	0	0	0	0	0
Otu00475	0	0	0	0	0	0	0	0	0	0	0	0	0	0	0	0	0	39	0	0
Otu00476	0	0	0	0	0	0	0	0	0	0	4	0	0	6	0	0	0	0	0	0
Otu00478	2	1	1	0	3	9	2	0	15	3	4	5	0	6	5	18	0	0	0	0
Otu00479	16	0	0	0	0	0	1	0	5	0	0	0	0	0	0	0	0	0	0	0
Otu00481	0	0	2	0	0	0	0	0	0	0	0	2	0	1	0	0	0	0	0	0
Otu00483	0	0	0	0	0	0	12	2	11	0	0	0	0	0	0	1	0	0	0	0
Otu00484	0	0	0	0	0	7	0	0	0	0	49	0	0	0	0	0	0	0	0	0
Otu00485	0	0	0	0	0	5	4	0	0	1	0	1	0	0	0	6	0	0	2	4
Otu00486	0	0	0	10	0	0	0	0	0	0	0	0	0	11	15	0	0	0	0	0
Otu00487	0	0	0	0	4	0	0	5	4	0	0	0	0	0	0	0	0	0	2	0
Otu00488	0	0	0	0	0	0	0	0	0	0	0	0	2	3	0	0	0	29	0	0
Otu00489	0	7	0	0	0	0	0	0	0	0	0	0	0	0	0	0	25	0	7	10
Otu00490	1	4	0	0	0	0	0	0	0	0	0	0	0	0	0	0	0	0	0	0
Otu00491	0	0	0	0	0	0	11	0	8	3	0	0	0	0	0	0	23	3	0	0
Otu00492	0	0	0	0	0	0	0	0	0	0	0	0	0	0	0	0	0	5	0	0
Otu00494	0	1	4	0	0	2	0	0	0	0	1	1	1	3	3	0	2	1	0	0
Otu00495	2	1	2	0	0	0	0	7	0	1	3	0	0	0	0	0	0	0	0	1
Otu00501	0	0	1	1	0	6	3	0	0	0	1	0	0	0	0	0	0	0	13	0
Otu00504	0	0	0	0	0	0	0	0	0	0	0	0	0	0	11	0	0	0	0	0
Otu00505	0	0	3	0	0	0	0	0	0	0	0	2	0	0	0	0	0	0	0	0
Otu00506	0	0	0	0	0	0	0	11	0	2	0	0	0	0	0	0	0	0	0	0
Otu00508	0	0	0	0	0	0	3	4	0	0	0	0	0	0	0	0	0	0	0	0
Otu00509	0	0	0	0	0	0	6	1	112	0	0	0	0	0	0	0	3	2	5	0
Otu00511	0	0	0	0	0	0	0	0	0	1	0	0	0	0	19	0	0	0	0	0
Otu00512	0	11	0	0	0	0	0	0	0	0	0	0	0	0	1	0	0	0	0	97
Otu00513	0	0	5	0	2	1	0	0	0	0	0	6	0	6	18	0	0	0	0	0
Otu00515	0	0	0	0	0	0	0	0	0	0	0	0	0	4	0	1	0	0	0	0
Otu00517	0	0	0	0	0	0	0	0	0	0	0	0	0	0	0	62	0	0	0	0
Otu00518	0	0	0	0	5	0	0	0	0	0	0	0	0	0	40	0	0	0	0	0
Otu00519	0	0	0	0	0	0	0	0	0	0	0	0	4	0	0	0	0	0	0	0
Otu00521	0	0	0	0	0	0	15	29	14	0	0	0	0	0	0	0	0	43	19	0
Otu00523	0	0	0	1	0	1	0	0	0	2	0	1	0	2	0	0	0	3	0	0
Otu00524	0	0	0	0	0	0	0	1	9	1	0	0	0	0	0	0	0	0	0	0
Otu00526	0	3	2	0	0	0	0	0	0	0	0	0	0	0	0	0	0	0	0	0
Otu00529	0	0	0	0	0	0	0	0	0	0	0	0	211	0	0	0	0	0	0	0
Otu00530	0	0	0	0	0	0	0	0	0	0	0	0	0	0	0	0	0	0	5	45
Otu00531	0	0	0	0	0	0	0	0	31	0	0	0	0	0	0	0	0	0	0	0
Otu00532	1	0	4	1	5	10	2	1	1	0	0	1	0	0	0	5	0	0	0	1
Otu00533	0	1	2	0	0	0	0	0	3	0	0	0	0	0	0	0	0	0	0	0
Otu00537	0	0	0	0	1	0	0	0	0	0	0	0	0	0	3	0	0	0	0	0
Otu00543	0	18	0	0	3	0	0	0	0	0	0	0	3	0	0	0	0	0	0	0
Otu00544	0	1	7	0	0	0	0	4	0	0	0	0	0	0	0	0	0	25	0	0
Otu00553	0	0	0	0	0	0	0	0	0	0	0	0	0	3	5	0	0	0	0	0
Otu00554	1	0	0	0	0	0	2	0	0	0	1	0	3	1	0	13	0	1	0	0
Otu00555	0	0	20	0	0	0	0	0	0	0	0	0	0	0	0	0	0	0	0	0
Otu00556	0	0	0	0	0	0	0	0	0	0	0	0	0	0	0	0	34	0	0	0
Otu00559	0	0	3	0	0	0	9	0	11	0	24	17	0	0	0	0	0	0	1	1
Otu00563	0	3	0	0	0	1	0	0	0	0	0	0	0	0	0	0	0	0	0	0
Otu00565	0	0	0	0	0	0	0	0	4	0	1	0	4	1	0	1	9	0	0	0
Otu00568	0	0	0	0	0	0	0	65	9	20	6	0	25	0	0	0	4	0	0	6
Otu00569	0	0	0	0	0	0	0	0	0	0	0	0	0	0	0	0	1	0	9	0
Otu00571	0	0	0	0	0	0	0	0	0	0	0	0	0	0	0	0	0	0	16	0
Otu00572	0	0	5	0	0	0	0	0	0	0	0	0	0	0	0	0	0	0	0	0
Otu00574	15	0	32	0	6	2	0	0	0	0	0	0	0	0	0	0	0	0	0	0
Otu00575	0	0	0	0	0	0	3	0	0	0	0	0	0	0	0	0	0	0	0	0
Otu00576	0	0	0	0	0	0	0	0	0	0	0	22	0	0	0	0	0	0	0	0
Otu00578	0	0	0	0	0	0	0	0	0	0	16	0	0	3	0	0	1	0	0	0
Otu00579	0	2	0	0	1	0	6	2	0	0	0	0	2	0	2	7	2	0	10	0
Otu00580	6	0	0	0	1	5	0	0	0	0	0	0	0	0	0	0	0	0	2	0
Otu00584	0	0	8	0	0	0	1	1	0	0	0	0	0	0	0	0	0	0	0	0
Otu00587	0	0	0	0	0	0	0	0	0	0	0	0	0	0	0	0	36	0	0	0
Otu00589	0	38	0	13	5	0	0	0	0	0	0	0	0	0	0	0	0	0	0	0
Otu00590	0	0	0	0	0	0	0	0	2	0	0	0	6	0	2	2	0	0	0	0
Otu00591	0	0	0	0	0	0	0	3	0	2	0	0	0	2	0	2	0	0	0	0
Otu00592	0	0	0	0	0	0	0	0	0	0	1	0	0	0	0	2	0	76	5	0
Otu00593	0	0	0	0	0	0	0	0	0	0	0	164	0	0	0	3	0	0	0	0
Otu00595	0	0	3	0	0	0	0	0	0	0	0	3	0	0	0	0	0	0	0	0
Otu00598	0	0	0	0	0	1	0	0	0	0	0	0	62	20	0	3	0	0	0	0
Otu00601	0	0	0	0	0	0	0	0	0	18	0	0	5	0	12	4	0	0	0	0
Otu00603	2	0	1	1	2	3	0	1	0	1	2	1	0	1	0	0	0	2	0	0
Otu00604	0	0	0	0	0	0	0	0	0	0	0	0	0	0	0	0	0	10	0	0
Otu00605	0	0	3	0	0	0	0	0	0	0	0	2	0	0	8	0	0	0	0	0
Otu00607	0	0	0	1	0	0	0	0	0	0	3	4	5	2	1	2	1	0	0	0
Otu00609	0	0	0	1	1	0	3	0	1	0	0	2	0	0	0	0	6	4	22	0
Otu00610	0	1	3	0	0	2	0	1	0	0	0	3	0	0	1	0	0	0	2	0
Otu00613	0	0	0	0	0	1	14	3	4	3	0	0	0	0	0	0	0	0	16	8
Otu00614	0	0	0	0	0	13	3	0	8	0	0	0	0	0	0	0	0	0	0	0
Otu00616	0	0	0	0	0	1	1	4	3	1	0	0	0	0	0	0	0	0	9	0
Otu00617	0	0	6	0	1	1	0	1	0	0	4	0	1	0	4	2	0	0	0	0
Otu00618	0	1	0	0	0	0	0	0	0	0	0	0	0	0	0	76	0	0	0	1
Otu00620	0	0	0	1	0	0	0	0	8	0	0	0	0	0	0	0	0	0	0	0
Otu00627	0	1	1	4	3	4	0	0	0	0	5	1	2	1	1	1	0	0	0	0
Otu00628	0	0	0	0	0	0	0	0	0	0	5	0	0	0	1	0	0	0	0	0
Otu00630	0	0	0	0	0	0	0	0	0	0	0	0	0	0	0	0	0	0	6	0
Otu00631	1	0	2	0	3	3	0	0	0	0	1	3	1	14	11	2	0	0	0	0
Otu00632	0	0	1	0	0	0	0	0	0	0	3	0	0	0	10	1	3	0	0	0
Otu00633	0	0	0	0	0	0	0	0	0	0	0	0	0	0	0	0	14	11	0	6
Otu00635	0	0	0	0	0	0	0	0	0	13	0	0	0	0	0	0	0	0	0	0
Otu00636	0	0	0	0	0	0	0	0	0	0	0	0	0	0	0	0	0	6	0	0
Otu00637	0	0	0	0	0	0	6	46	20	0	0	0	0	0	0	1	0	0	2	0
Otu00638	0	0	0	0	0	79	0	0	0	0	0	0	0	0	0	0	0	0	0	0
Otu00640	0	0	0	0	0	0	0	0	0	0	0	3	10	1	0	0	0	0	0	0
Otu00641	0	0	0	0	0	0	0	0	0	0	0	2	30	5	0	2	0	0	0	0
Otu00642	0	0	0	0	0	0	0	0	22	0	1	0	0	0	0	0	0	0	0	0
Otu00643	0	0	0	0	0	0	0	0	0	0	0	0	0	0	0	0	36	0	0	0
Otu00644	0	0	4	1	0	6	10	0	37	0	0	0	0	0	0	0	0	0	0	0
Otu00646	0	0	0	0	0	0	7	0	0	0	0	0	0	0	0	0	15	0	0	0
Otu00649	0	0	2	0	0	0	0	0	0	0	1	1	5	7	0	7	1	0	0	0
Otu00650	0	0	0	0	0	0	0	0	0	0	9	0	0	7	2	0	0	0	0	0
Otu00651	0	0	0	0	0	0	0	0	0	0	0	0	0	0	0	0	9	0	0	0
Otu00653	0	3	5	0	2	5	0	0	0	0	6	2	1	2	14	1	0	0	0	0
Otu00654	5	0	0	10	0	2	0	0	0	0	0	1	0	2	0	0	0	0	0	0
Otu00655	0	0	0	0	0	0	0	0	0	0	0	0	0	0	0	0	0	3	0	0
Otu00656	0	0	0	0	0	0	27	0	0	0	0	0	0	0	0	0	7	7	9	0
Otu00660	0	0	0	0	2	0	0	0	0	0	3	0	0	0	0	0	4	0	0	0
Otu00663	83	0	0	0	0	14	0	0	28	0	0	0	0	0	0	0	0	0	0	0
Otu00666	0	0	0	0	0	0	10	0	0	0	0	0	0	0	0	0	4	0	14	0
Otu00668	0	0	4	0	0	4	4	0	3	0	0	0	0	0	0	0	0	0	6	0
Otu00669	0	0	0	0	0	2	0	2	1	0	0	0	0	0	0	0	0	0	0	0
Otu00672	0	0	0	0	0	0	0	0	0	0	128	0	0	0	0	0	0	0	0	0
Otu00675	0	0	0	0	0	0	0	0	0	0	0	1	0	20	1	0	0	0	0	0
Otu00678	0	0	0	0	0	6	0	0	0	0	0	0	0	0	0	0	0	0	0	0
Otu00679	0	0	0	0	0	0	1	0	0	0	6	0	1	4	0	2	0	0	0	0
Otu00680	0	0	0	0	0	0	0	0	4	2	0	0	0	0	0	0	0	0	0	0
Otu00681	69	12	0	0	0	19	0	0	15	0	0	0	0	0	0	0	0	0	0	0
Otu00682	0	0	0	0	0	0	0	0	6	0	0	0	0	0	0	0	0	0	3	0
Otu00683	0	0	2	0	0	0	0	0	0	0	0	0	0	0	3	0	0	0	1	0
Otu00685	1	0	1	0	0	0	0	0	0	0	0	9	0	4	0	0	0	0	0	0
Otu00686	0	0	0	0	0	0	11	7	4	2	0	0	0	0	0	0	0	6	2	3
Otu00689	0	0	0	0	0	0	3	11	0	0	0	0	1	0	0	0	0	0	0	0
Otu00691	0	0	0	0	4	0	0	0	0	0	0	0	0	0	2	0	0	0	0	0
Otu00692	0	0	0	0	0	0	0	0	0	0	0	0	0	0	17	0	0	0	3	0
Otu00693	0	0	0	0	0	0	0	0	0	0	0	0	0	0	0	3	0	0	0	0
Otu00694	0	0	0	0	0	0	0	2	7	0	0	2	0	0	0	0	0	0	0	0
Otu00696	0	0	0	0	0	0	0	0	0	0	0	0	0	0	0	0	46	0	1	20
Otu00697	1	0	7	0	0	0	0	0	0	0	1	1	0	0	0	0	0	0	2	0
Otu00698	0	0	0	0	0	0	0	0	0	0	0	5	0	0	0	0	0	0	0	0
Otu00699	0	0	0	0	0	0	0	0	0	0	1	0	0	1	9	0	0	0	0	0
Otu00702	0	0	0	0	1	0	1	6	2	0	0	0	0	0	2	0	0	0	0	0
Otu00705	0	0	0	0	0	0	0	0	0	0	4	0	0	0	0	0	0	0	0	21
Otu00706	0	0	0	0	0	0	0	0	0	0	0	0	0	0	0	0	0	3	0	7
Otu00709	0	0	0	9	0	1	0	0	0	0	0	0	0	0	5	0	0	0	0	0
Otu00711	0	0	0	0	0	0	0	0	0	0	15	0	0	0	0	0	0	0	0	0
Otu00712	0	0	0	0	0	4	0	0	3	0	0	0	0	0	0	0	0	0	0	0
Otu00713	0	0	0	0	0	0	0	0	0	0	0	0	0	0	0	0	0	0	73	0
Otu00718	0	0	9	0	1	0	0	0	0	0	15	0	0	0	0	0	0	0	0	0
Otu00720	0	0	0	0	0	0	0	0	0	0	36	0	0	0	0	0	0	0	0	0
Otu00721	5	0	0	0	0	7	0	0	0	0	0	0	0	0	0	0	0	0	13	0
Otu00723	0	0	2	0	1	1	0	0	0	0	3	0	0	2	0	0	0	0	0	0
Otu00724	0	0	5	0	0	0	0	0	0	0	4	1	3	1	0	1	0	0	0	0
Otu00726	0	0	0	0	0	0	0	0	0	0	0	0	0	0	0	0	3	0	0	0
Otu00732	0	0	106	0	0	0	0	0	0	0	0	0	0	0	0	0	0	0	0	0
Otu00733	0	1	1	1	0	0	2	6	0	1	1	0	0	1	0	0	1	0	0	0
Otu00736	0	0	0	0	0	0	0	1	0	0	1	1	0	0	1	1	0	2	3	2
Otu00741	0	0	0	0	0	8	0	0	0	0	0	0	0	0	0	0	0	3	0	0
Otu00742	0	0	0	0	0	0	0	0	0	0	0	2	0	6	0	2	0	0	0	0
Otu00743	0	0	0	0	0	1	0	0	0	0	0	3	0	0	0	0	0	0	1	2
Otu00744	0	0	0	0	0	0	0	0	0	0	0	0	0	0	0	0	9	0	0	0
Otu00745	0	2	1	0	0	0	0	0	0	0	0	2	2	0	1	0	0	1	0	0
Otu00746	0	0	0	0	0	0	0	0	0	0	1	0	0	0	0	0	0	0	0	18
Otu00748	0	12	0	0	0	1	0	0	0	0	0	0	0	0	0	0	0	0	0	0
Otu00752	0	0	0	0	0	0	1	0	0	0	2	2	0	0	0	0	1	5	4	2
Otu00757	0	0	0	8	0	0	1	0	0	0	0	0	0	0	5	0	0	0	0	0
Otu00760	0	5	0	0	0	0	4	0	0	0	0	0	0	0	0	0	3	2	1	4
Otu00761	1	0	0	0	0	0	0	0	0	0	0	0	0	0	0	3	0	0	0	0
Otu00762	0	1	2	0	1	2	0	0	1	0	0	0	0	2	3	0	0	0	0	0
Otu00763	0	0	0	0	0	0	0	0	11	0	0	0	0	0	0	0	0	0	0	0
Otu00765	0	0	0	0	0	0	4	1	10	0	0	0	0	0	0	0	0	0	6	0
Otu00766	0	0	0	0	0	0	0	0	0	0	0	0	0	0	0	3	1	0	0	0
Otu00769	0	0	0	0	0	0	0	2	1	0	0	0	0	0	0	0	0	0	0	0
Otu00773	0	0	0	0	0	0	0	25	0	0	0	0	0	0	0	0	0	0	0	0
Otu00775	0	0	0	0	4	0	0	0	0	0	0	0	0	0	0	0	1	0	0	0
Otu00776	0	0	0	0	0	5	2	0	0	0	0	0	0	0	0	0	0	0	3	0
Otu00777	0	0	0	0	0	0	0	0	0	10	0	1	0	0	0	0	0	0	0	0
Otu00778	0	0	0	0	0	0	0	0	0	0	0	1	0	0	0	0	0	2	9	0
Otu00780	0	0	0	0	0	0	3	0	0	0	0	0	0	0	0	0	0	0	0	0
Otu00782	0	0	0	0	1	0	0	0	0	0	0	15	0	3	1	12	0	0	1	0
Otu00789	0	0	2	0	0	0	0	0	3	2	0	0	0	0	0	0	1	0	0	0
Otu00790	0	0	0	0	0	0	0	0	0	0	0	0	0	0	0	0	14	0	0	10
Otu00791	0	1	0	0	0	0	2	0	0	0	0	0	0	0	0	0	1	0	0	0
Otu00797	0	1	2	0	1	0	0	0	3	0	0	1	0	0	0	0	0	1	5	0
Otu00798	0	0	0	0	3	0	0	0	0	0	0	0	2	0	0	0	0	0	0	0
Otu00803	0	1	0	0	0	0	0	0	0	0	0	0	0	6	0	5	0	0	0	0
Otu00804	1	0	0	0	0	2	0	0	0	0	0	0	3	9	0	0	0	0	0	0
Otu00805	0	0	0	0	0	0	0	0	0	0	0	0	0	0	7	0	0	0	0	0
Otu00806	4	0	0	0	0	0	0	0	1	0	0	0	0	0	0	0	0	0	0	0
Otu00808	0	0	0	0	0	0	0	0	0	0	0	0	0	0	0	0	21	0	0	0
Otu00809	0	0	0	2	2	0	0	0	0	0	0	0	0	0	0	0	0	0	0	0
Otu00810	1	2	1	0	1	0	0	0	0	0	0	0	5	0	0	1	1	1	0	0
Otu00815	0	0	0	1	0	1	0	2	0	0	1	0	0	1	0	0	0	0	0	0
Otu00816	0	0	0	0	0	0	0	0	0	0	0	0	8	0	14	0	0	0	0	0
Otu00823	0	0	0	0	0	0	22	0	4	0	0	0	0	0	0	0	14	0	0	0
Otu00824	8	0	7	0	0	3	0	0	0	0	0	0	0	0	0	0	0	0	0	0
Otu00825	0	0	15	0	0	0	0	0	0	0	0	0	0	0	0	0	0	0	0	0
Otu00828	0	1	0	0	1	1	0	0	0	0	10	0	1	2	2	0	0	0	0	0
Otu00830	0	0	0	0	0	8	0	0	6	0	0	0	0	0	0	0	0	0	4	0
Otu00831	9	0	0	0	0	0	0	20	2	0	0	0	0	0	0	0	0	0	5	0
Otu00832	0	0	0	0	0	0	0	14	0	0	0	0	0	0	0	0	0	0	0	0
Otu00833	0	0	31	0	0	0	3	0	3	0	0	0	0	0	0	0	0	0	0	1
Otu00834	0	0	0	0	0	0	0	0	0	0	0	0	0	0	6	0	10	0	5	0
Otu00835	2	1	1	9	4	0	0	0	0	0	0	1	5	1	0	3	0	0	0	0
Otu00839	0	0	0	0	0	0	0	0	0	0	0	0	0	0	9	0	0	43	0	0
Otu00840	1	0	0	0	0	7	0	0	0	0	0	0	0	0	0	0	41	0	0	0
Otu00841	1	0	0	0	0	0	0	0	0	2	0	0	0	0	0	2	0	0	0	0
Otu00842	0	0	0	0	0	0	0	0	0	0	0	0	0	0	0	0	0	26	0	0
Otu00844	0	0	0	0	0	0	0	0	0	0	0	0	0	0	0	0	2	0	0	1
Otu00845	0	0	0	5	0	0	0	0	0	0	15	0	0	0	0	0	0	0	3	0
Otu00846	0	0	0	0	0	0	1	0	1	0	0	0	0	1	1	1	0	2	1	0
Otu00849	0	0	0	0	0	0	2	0	4	0	0	0	0	0	0	0	0	0	0	0
Otu00851	0	0	0	0	0	0	9	0	0	5	0	0	0	0	0	0	0	32	0	0
Otu00854	0	0	0	0	0	0	0	0	0	1	3	0	0	63	0	0	0	1	0	0
Otu00857	0	0	0	0	0	0	0	0	0	0	0	0	0	0	0	3	0	0	0	0
Otu00859	0	2	0	4	0	0	0	0	0	0	0	0	0	0	0	0	0	0	0	0
Otu00861	0	0	0	0	0	0	0	0	0	0	0	0	0	5	0	9	0	0	0	0
Otu00862	0	0	0	0	0	0	0	0	0	0	0	0	0	0	31	0	0	0	0	0
Otu00866	4	0	4	0	0	0	0	0	0	0	29	0	0	0	0	0	0	0	0	0
Otu00867	0	0	0	0	0	0	0	0	0	0	0	0	9	2	0	0	0	1	0	0
Otu00873	4	0	0	0	0	0	0	0	0	0	0	0	9	0	3	0	0	0	0	0
Otu00874	0	0	1	0	0	3	0	0	0	0	2	4	0	0	4	0	0	0	0	0
Otu00876	0	0	0	0	0	0	0	0	0	0	0	0	0	0	0	0	6	14	0	31
Otu00877	0	0	0	0	0	0	0	0	0	0	0	0	77	0	0	0	0	0	0	0
Otu00879	0	0	4	0	0	0	0	0	0	0	7	0	5	0	20	0	0	0	0	0
Otu00883	2	0	0	11	0	0	0	0	0	0	0	0	0	0	0	0	0	0	0	0
Otu00884	0	0	0	0	0	0	0	0	0	0	0	0	0	0	0	0	0	0	27	0
Otu00885	3	1	0	0	0	0	0	0	0	0	0	0	0	0	0	0	0	0	0	0
Otu00887	2	0	0	0	0	0	3	1	1	0	0	0	0	0	0	0	0	0	0	0
Otu00888	0	0	1	0	0	0	0	0	0	0	2	0	0	0	0	0	0	0	0	0
Otu00890	0	0	0	0	0	0	10	0	0	0	0	0	0	0	0	0	0	4	0	7
Otu00891	0	0	0	0	0	0	0	0	0	0	0	0	0	0	0	0	0	0	0	11
Otu00893	15	0	0	0	0	0	0	0	0	0	0	0	0	0	0	0	0	0	0	0
Otu00895	0	0	0	0	3	2	0	0	0	0	0	0	0	0	0	0	0	0	0	0
Otu00899	0	5	0	0	0	0	0	0	0	0	0	2	0	0	0	0	0	0	0	0
Otu00900	0	0	0	0	0	0	0	0	0	0	0	0	3	4	0	0	0	0	0	0
Otu00902	0	0	0	0	0	0	1	0	1	0	1	0	0	1	0	0	1	1	0	0
Otu00905	0	0	0	0	0	0	0	1	0	0	0	0	1	0	0	1	1	2	0	0
Otu00906	1	1	0	0	2	2	0	0	0	0	1	0	1	6	2	0	0	0	0	0
Otu00907	0	0	0	0	0	0	0	0	0	0	0	0	0	0	0	0	5	0	0	0
Otu00909	0	13	0	0	0	0	0	0	0	3	0	0	0	0	0	0	0	0	0	0
Otu00910	0	0	0	0	0	0	0	0	0	0	0	0	0	0	0	0	0	21	0	0
Otu00913	0	0	0	0	0	0	1	0	2	0	0	0	0	0	0	0	0	0	0	0
Otu00920	1	0	0	0	0	0	0	0	8	0	0	0	0	0	0	0	0	0	0	0
Otu00921	0	0	0	0	0	1	0	0	0	0	0	0	0	0	0	2	0	0	0	2
Otu00923	0	0	1	0	0	0	2	3	0	0	0	0	0	0	0	0	0	4	1	1
Otu00925	0	0	0	0	0	0	0	0	0	0	22	0	0	0	0	0	0	0	0	0
Otu00926	0	0	0	0	0	0	0	0	0	0	0	0	0	0	0	0	0	0	0	3
Otu00930	0	0	0	0	1	0	1	0	0	0	0	1	0	0	0	0	2	0	1	0
Otu00931	0	0	1	0	0	0	0	0	0	0	2	0	4	0	0	0	0	0	0	0
Otu00934	0	0	0	0	0	0	0	11	0	0	0	0	0	0	0	0	0	0	0	0
Otu00935	0	0	0	0	0	0	0	0	0	0	0	0	0	0	0	0	7	0	10	17
Otu00936	0	0	0	0	0	2	0	0	3	0	0	0	0	0	0	0	2	0	0	0
Otu00939	1	0	0	0	0	0	1	0	0	0	0	0	0	0	0	1	0	4	7	0
Otu00941	0	0	0	0	0	0	0	0	2	2	0	0	0	0	0	0	0	5	0	1
Otu00942	0	0	0	0	0	0	0	0	0	57	0	0	0	0	0	0	0	0	0	0
Otu00947	0	0	0	0	0	0	0	0	0	0	0	6	0	1	0	0	0	0	0	0
Otu00948	0	0	0	0	0	0	0	0	0	0	0	0	0	0	0	0	17	0	0	0
Otu00949	0	0	1	0	0	0	1	1	4	0	2	0	0	0	0	0	0	0	1	0
Otu00954	0	5	0	0	0	3	0	0	0	0	0	0	0	0	0	0	0	0	0	0
Otu00955	0	0	0	0	0	0	0	0	0	0	0	0	1	0	2	0	0	0	0	0
Otu00957	0	0	0	0	0	0	0	0	0	0	56	0	0	0	0	0	0	0	0	0
Otu00966	2	1	0	0	0	0	1	3	1	0	0	0	0	0	0	0	0	0	0	0
Otu00967	0	0	0	0	0	0	0	0	0	0	0	0	5	0	0	9	0	0	0	0
Otu00975	0	0	0	0	0	0	0	0	0	0	0	0	2	0	0	11	0	0	0	0
Otu00976	0	0	0	0	4	0	0	0	0	0	0	0	0	1	0	0	0	0	0	0
Otu00984	0	0	0	0	0	0	0	0	0	0	0	0	0	0	0	0	14	0	0	0
Otu00985	0	0	0	0	0	0	0	0	0	0	0	2	0	0	0	0	0	0	5	0
Otu00986	0	0	0	0	0	0	0	0	0	0	3	0	0	0	1	0	0	0	0	0
Otu00987	0	6	0	0	0	0	0	0	0	0	0	0	0	0	0	0	0	0	0	0
Otu00988	0	0	0	0	0	0	0	0	0	0	0	0	0	0	0	0	15	0	0	0
Otu00990	0	0	0	0	0	0	8	0	45	0	0	0	0	0	0	0	0	0	0	0
Otu00992	1	1	0	0	0	0	0	0	0	0	0	1	1	0	2	1	1	1	0	0
Otu00996	0	0	0	0	0	0	0	0	0	0	0	0	0	4	0	0	0	0	0	0
Otu01000	0	3	1	0	0	0	0	0	0	0	0	0	0	0	0	0	0	0	0	0
Otu01001	0	0	0	0	2	1	1	2	0	1	2	0	0	0	0	1	0	0	0	0
Otu01002	0	0	0	0	0	0	0	0	0	0	0	0	0	50	0	0	0	0	0	0
Otu01003	0	31	0	0	0	0	0	0	0	0	0	0	0	0	0	0	0	0	0	0
Otu01005	1	1	0	0	0	0	1	0	0	0	0	1	0	0	1	0	0	0	4	0
Otu01008	0	0	0	0	0	0	0	0	0	0	47	0	0	0	0	2	0	0	0	0
Otu01009	0	0	0	0	0	0	0	0	9	0	0	0	0	0	0	0	0	0	0	0
Otu01010	5	0	0	0	0	0	0	0	0	0	0	0	0	0	0	0	0	0	0	0
Otu01016	1	0	0	0	1	0	0	0	0	1	0	0	0	0	0	0	0	0	0	0
Otu01019	0	0	0	2	0	0	0	1	0	1	3	0	0	1	0	0	0	0	0	0
Otu01021	0	0	0	0	0	0	0	0	0	0	0	0	0	0	0	0	11	0	17	1
Otu01025	0	0	31	0	0	0	0	0	0	0	0	0	0	0	0	0	0	0	0	0
Otu01031	0	0	0	3	0	0	0	0	0	0	0	0	0	0	0	0	0	9	0	0
Otu01032	0	0	0	0	0	0	0	0	0	0	0	0	0	0	0	0	1	24	0	0
Otu01033	0	0	0	1	2	0	0	0	0	0	0	0	0	0	0	0	0	0	0	0
Otu01034	13	0	0	0	0	0	0	0	0	0	0	0	0	0	0	0	0	0	0	0
Otu01035	0	0	0	0	0	0	1	0	0	0	0	0	0	0	0	0	21	0	0	0
Otu01036	0	0	0	0	0	0	3	0	0	0	0	0	0	0	0	0	0	0	0	0
Otu01040	0	0	0	0	0	0	0	0	8	0	0	0	0	0	0	0	1	2	0	0
Otu01041	0	0	0	0	0	0	0	0	0	0	0	0	0	1	0	0	0	0	2	2
Otu01044	0	0	0	9	1	0	0	0	0	0	0	0	0	0	5	0	0	0	0	0
Otu01045	0	0	0	0	0	0	0	0	0	0	2	0	2	1	0	0	0	0	0	0
Otu01046	0	0	0	0	0	0	0	0	0	0	0	0	0	12	1	0	0	0	0	0
Otu01054	0	0	0	0	0	1	0	0	0	0	1	1	0	2	0	0	0	0	0	1
Otu01056	0	0	0	0	0	0	0	0	0	0	0	0	0	0	0	0	0	0	3	13
Otu01061	0	0	0	0	0	9	0	0	0	0	0	0	0	0	0	0	0	0	0	0
Otu01062	0	0	0	0	0	0	0	0	0	0	0	0	0	0	0	0	0	0	15	0
Otu01063	2	1	0	3	0	0	0	0	0	0	0	0	0	0	1	0	0	0	0	0
Otu01068	0	0	0	0	0	7	0	0	0	0	9	0	0	0	0	0	0	0	0	0
Otu01073	0	0	0	0	0	0	0	0	0	0	0	0	0	0	0	0	4	0	2	0
Otu01075	0	2	0	0	0	0	0	0	0	0	0	0	0	0	0	17	0	0	0	0
Otu01076	0	0	0	0	0	0	0	0	0	0	0	0	0	0	0	3	0	0	2	0
Otu01078	0	0	5	0	0	0	0	0	0	0	0	1	0	5	0	0	0	0	0	0
Otu01079	0	0	0	0	0	0	0	0	0	0	8	1	1	4	2	0	0	0	0	0
Otu01083	0	0	0	0	0	0	0	0	0	0	0	0	5	2	0	1	0	0	0	0
Otu01084	0	0	0	0	0	0	0	0	0	0	0	0	3	0	0	0	0	0	0	0
Otu01085	0	0	0	0	0	0	0	0	0	0	0	0	0	1	0	0	0	4	0	0
Otu01093	0	0	0	0	0	0	0	0	0	0	0	0	0	0	0	0	0	0	13	0
Otu01094	2	0	0	0	0	0	0	0	0	0	0	2	0	0	0	0	0	0	0	0
Otu01096	0	0	0	13	0	0	0	0	0	1	0	0	0	0	0	0	0	0	0	0
Otu01097	17	0	0	0	0	0	0	0	0	0	0	0	0	0	0	0	0	0	0	0
Otu01099	0	0	0	0	0	0	0	0	0	0	0	3	0	0	0	0	0	0	0	0
Otu01102	7	1	0	2	1	0	0	0	0	0	0	2	0	0	4	0	0	0	0	0
Otu01106	0	0	0	0	0	0	35	0	0	0	0	0	0	0	0	0	0	0	0	0
Otu01112	0	0	0	0	0	0	0	0	0	0	0	1	0	0	0	3	0	0	0	0
Otu01120	1	1	0	30	0	0	0	0	0	0	0	0	0	1	0	0	0	0	0	0
Otu01122	0	0	2	0	0	2	1	0	0	0	1	0	0	0	0	9	0	0	0	0
Otu01123	2	0	0	0	0	0	0	0	0	0	0	3	0	1	2	1	1	0	0	0
Otu01126	0	0	0	0	5	0	0	0	0	0	4	0	0	2	0	0	0	0	0	0
Otu01129	0	0	0	0	0	0	0	0	0	0	0	0	0	0	0	0	7	0	0	0
Otu01132	0	0	0	0	0	0	0	0	0	10	0	0	0	0	0	0	17	0	0	0
Otu01133	0	1	1	0	0	0	0	0	0	0	1	0	0	0	0	0	0	0	0	0
Otu01134	0	0	0	0	0	0	0	0	0	0	0	0	0	0	0	0	0	11	0	0
Otu01135	0	0	0	0	0	0	3	0	6	0	0	0	0	0	0	0	0	0	0	0
Otu01137	0	0	0	0	0	0	0	0	0	0	0	0	1	1	20	0	0	0	0	0
Otu01145	0	5	0	0	0	0	0	0	0	0	0	0	0	0	0	0	0	0	0	0
Otu01147	0	0	0	1	0	0	1	0	0	0	0	0	0	1	0	0	0	1	0	0
Otu01150	0	0	0	0	0	0	0	0	0	0	0	0	0	0	0	0	0	7	0	0
Otu01152	0	0	0	0	4	0	0	0	0	0	0	0	0	0	0	0	1	0	0	1
Otu01155	0	10	2	0	0	0	0	0	0	0	0	0	2	0	0	0	0	0	0	0
Otu01162	0	0	0	0	0	0	0	0	0	0	0	0	0	0	0	0	0	27	0	0
Otu01164	1	0	0	0	0	0	0	0	0	0	0	0	0	0	0	0	2	0	0	0
Otu01166	0	0	0	0	0	0	0	0	0	0	0	0	0	0	1	1	1	0	0	0
Otu01177	0	0	2	0	0	0	0	0	0	0	0	0	0	0	0	0	0	0	4	0
Otu01179	0	0	0	0	0	3	0	0	0	0	0	0	0	0	0	0	0	0	0	0
Otu01185	0	0	0	0	0	4	1	0	10	0	0	0	0	5	0	0	0	0	0	0
Otu01188	0	0	0	0	0	0	0	0	0	0	0	0	0	2	0	0	0	6	2	0
Otu01191	0	0	0	0	0	0	0	0	1	0	0	0	0	0	0	5	0	0	0	0
Otu01192	0	0	2	0	0	4	0	0	0	0	0	0	0	10	0	0	0	0	0	0
Otu01193	0	0	0	0	0	0	0	0	0	0	0	0	0	0	19	0	0	0	0	0
Otu01197	0	0	0	0	0	0	0	0	0	0	0	2	1	0	0	0	0	0	0	0
Otu01198	0	0	0	21	0	0	0	0	0	0	0	0	0	0	0	0	0	0	0	0
Otu01199	0	0	0	0	0	0	42	0	0	0	0	0	0	0	0	0	0	0	0	0
Otu01205	0	0	0	0	0	0	0	0	0	0	0	0	0	0	41	0	0	0	0	0
Otu01208	0	0	0	0	0	0	0	0	0	0	0	0	12	9	0	0	0	0	0	0
Otu01209	0	0	0	0	0	0	0	0	0	0	0	0	0	0	0	0	34	0	0	0
Otu01210	0	0	0	0	0	0	0	0	0	0	0	0	0	0	4	0	0	0	0	0
Otu01211	0	0	0	1	0	0	0	0	0	0	2	0	1	2	0	0	0	0	0	0
Otu01214	0	0	0	0	0	0	1	0	0	2	0	0	0	0	0	0	0	0	0	0
Otu01215	0	0	0	0	4	0	0	0	4	0	0	0	0	0	0	0	0	0	0	0
Otu01228	0	0	0	0	0	0	2	0	0	1	0	0	0	0	0	0	0	0	0	0
Otu01231	0	3	0	0	0	0	1	1	0	0	0	0	0	0	0	1	0	0	0	0
Otu01232	0	0	0	0	0	0	0	0	0	0	1	0	0	0	5	0	0	3	0	0
Otu01234	0	0	0	0	0	0	0	37	0	0	0	0	0	0	0	0	0	0	0	0
Otu01243	0	0	0	6	1	0	0	0	0	0	0	0	0	0	0	0	0	0	0	0
Otu01247	0	0	0	0	0	0	0	0	0	0	0	0	0	0	0	0	0	0	10	0
Otu01255	0	0	0	0	0	0	2	0	0	0	0	0	0	0	0	0	6	0	0	0
Otu01257	0	0	0	0	0	0	0	0	0	0	0	0	0	0	0	0	7	0	0	0
Otu01258	0	0	0	0	0	0	1	0	1	0	0	0	0	0	0	0	0	0	1	0
Otu01262	0	0	0	0	0	0	0	0	0	0	0	0	0	0	0	0	8	0	0	0
Otu01278	0	0	0	0	0	0	0	0	0	0	0	0	4	0	0	13	0	0	0	0
Otu01281	0	0	0	0	0	0	0	6	0	0	0	0	0	2	0	0	0	0	0	0
Otu01288	0	0	0	0	0	0	0	0	0	0	7	0	0	0	0	0	0	0	0	0
Otu01289	0	0	1	0	0	0	0	0	0	0	0	0	0	0	13	0	0	0	0	0
Otu01293	0	0	0	0	0	0	6	0	0	0	0	0	0	0	0	0	0	0	0	0
Otu01295	0	0	0	0	0	0	0	0	0	0	1	0	0	0	3	0	0	0	0	0
Otu01297	0	0	0	0	0	0	0	0	4	0	0	0	0	0	0	0	0	0	0	0
Otu01307	0	0	0	0	0	0	0	14	0	5	0	0	0	0	0	0	0	0	0	0
Otu01308	0	0	0	0	0	0	0	0	0	0	3	0	0	0	0	0	0	0	0	0
Otu01310	0	0	0	0	0	0	0	0	0	0	0	0	0	0	0	0	1	0	9	5
Otu01314	0	0	5	0	0	0	0	0	0	0	0	0	0	0	0	0	0	0	0	0
Otu01317	0	0	1	0	0	0	2	0	2	0	0	0	0	0	0	0	0	0	0	3
Otu01320	0	0	0	0	0	0	2	0	1	0	0	0	0	0	0	0	0	0	0	1
Otu01321	0	0	0	0	0	0	0	0	0	0	0	5	0	2	0	0	0	0	0	0
Otu01323	0	0	0	0	0	0	0	0	0	0	0	0	0	0	0	7	0	0	11	0
Otu01326	0	0	0	0	0	0	0	0	0	0	0	0	0	0	0	0	1	0	0	2
Otu01329	0	0	3	0	0	0	0	0	0	0	0	0	0	0	0	0	0	0	0	0
Otu01334	0	0	0	0	0	0	0	0	0	0	0	0	0	0	25	0	0	0	0	0
Otu01338	0	0	0	0	0	0	0	0	0	0	0	0	0	0	0	0	7	0	0	0
Otu01339	0	0	0	0	0	0	0	0	0	9	0	0	0	0	0	0	0	0	5	0
Otu01341	0	0	0	0	0	0	0	0	0	0	0	0	1	0	0	2	0	0	0	0
Otu01342	0	0	0	0	0	0	0	30	0	0	0	0	0	0	0	0	0	0	0	0
Otu01344	0	1	1	0	0	0	0	0	1	1	1	0	0	0	5	0	0	0	0	0
Otu01346	0	0	0	0	0	0	1	10	0	0	0	0	0	0	0	0	0	1	0	0
Otu01349	0	0	0	0	0	0	0	0	0	0	0	0	0	0	0	0	0	0	6	19
Otu01352	0	0	0	0	0	0	0	0	0	0	0	0	0	0	0	1	0	0	3	0
Otu01360	0	0	0	0	0	0	1	0	0	0	2	0	0	0	5	0	0	0	0	0
Otu01361	0	0	0	0	0	0	0	0	0	0	3	0	0	0	0	0	0	0	0	0
Otu01368	0	0	0	0	0	0	0	0	0	0	0	0	0	5	0	0	0	0	0	0
Otu01370	0	0	0	0	0	0	0	0	0	0	12	0	0	0	0	0	0	0	3	0
Otu01373	0	0	0	0	0	0	0	0	0	0	0	0	0	0	0	3	0	0	0	0
Otu01382	0	25	0	0	0	0	0	0	0	0	0	0	0	0	0	0	0	0	0	0
Otu01390	0	0	0	0	0	3	0	0	0	0	0	0	0	0	0	0	0	0	0	0
Otu01397	0	7	0	0	8	0	0	0	0	0	0	0	0	0	0	0	0	0	2	0
Otu01399	0	0	0	5	0	8	0	0	0	0	0	0	0	0	0	0	0	0	0	0
Otu01401	0	1	0	0	0	7	2	0	0	0	0	1	0	0	0	0	1	0	0	0
Otu01405	0	0	1	0	0	0	1	0	9	0	0	1	0	0	0	0	0	0	0	0
Otu01406	0	0	0	0	0	0	0	0	0	0	0	0	0	0	0	0	0	14	0	0
Otu01421	0	0	0	0	0	0	0	0	0	0	0	0	0	0	0	0	0	0	6	0
Otu01425	0	0	1	0	0	0	0	0	2	0	1	0	1	0	0	0	0	0	0	0
Otu01433	0	0	0	0	0	0	0	0	0	0	0	0	1	0	0	6	0	1	0	0
Otu01435	0	2	0	0	2	1	0	0	0	0	0	0	0	0	0	0	0	0	0	0
Otu01436	0	0	0	0	2	0	0	0	0	1	0	1	0	0	0	0	0	0	0	0
Otu01437	0	0	0	0	0	0	0	9	0	0	0	0	0	0	0	0	0	0	0	0
Otu01439	0	0	0	0	0	0	0	0	0	0	0	0	0	6	0	0	0	0	0	0
Otu01441	0	0	0	0	0	0	0	0	0	0	0	0	0	0	0	0	0	29	0	0
Otu01444	0	0	0	0	0	0	2	0	0	0	0	0	0	0	0	0	0	0	2	0
Otu01446	0	1	0	0	0	0	1	0	0	0	0	0	0	0	2	0	0	0	0	0
Otu01451	0	0	0	0	0	0	1	0	0	0	0	0	0	0	0	1	0	0	0	6
Otu01455	0	0	0	0	0	0	0	0	0	0	0	1	1	3	0	2	0	0	0	0
Otu01458	0	0	0	0	0	0	3	0	0	0	0	0	0	0	0	0	0	0	0	0
Otu01462	0	0	0	0	0	0	0	0	0	0	0	0	0	1	0	2	0	0	0	0
Otu01463	0	1	0	0	0	0	0	0	0	0	0	0	0	0	0	1	1	0	0	0
Otu01466	0	0	0	0	0	0	0	0	0	0	28	0	0	0	0	0	0	0	0	0
Otu01481	2	0	1	1	0	0	0	0	0	0	1	0	0	0	0	0	0	0	0	0
Otu01482	1	2	0	0	0	0	0	0	0	0	0	0	0	0	0	0	0	0	0	0
Otu01483	0	0	0	0	0	0	0	0	0	0	0	0	0	0	0	0	3	0	0	0
Otu01491	0	0	0	0	0	0	0	0	0	0	0	0	0	0	0	0	0	8	0	0
Otu01493	0	0	0	0	0	0	0	0	0	0	0	0	8	0	0	0	2	0	0	0
Otu01498	0	0	0	0	0	0	0	0	0	0	0	0	0	1	6	0	0	0	0	0
Otu01502	0	0	0	0	0	0	0	0	0	0	0	0	0	0	0	0	0	0	9	0
Otu01503	0	0	0	0	0	0	0	0	0	0	6	0	1	0	0	0	0	0	0	0
Otu01504	0	0	0	0	0	0	0	0	0	0	0	0	0	0	0	0	5	0	0	0
Otu01510	0	0	0	0	0	0	0	2	1	0	0	0	0	0	0	0	0	0	0	0
Otu01511	0	0	0	0	0	1	0	0	0	0	0	0	0	0	0	0	1	0	0	1
Otu01515	0	0	0	0	0	0	0	0	0	0	0	0	0	0	0	0	0	0	0	3
Otu01521	0	0	0	0	0	0	0	0	7	0	0	0	0	0	0	0	0	0	0	0
Otu01523	0	0	0	0	0	0	0	0	0	0	1	1	2	0	0	0	0	0	0	0
Otu01527	0	0	0	0	0	0	0	0	0	0	0	0	0	0	0	0	0	0	10	0
Otu01530	0	0	0	0	0	0	0	0	0	0	0	0	0	0	6	0	0	0	0	0
Otu01539	0	0	0	0	0	0	0	0	0	0	0	0	0	0	0	0	0	0	0	6
Otu01549	0	0	0	0	0	0	0	0	0	0	0	0	0	0	6	0	0	0	0	0
Otu01554	0	0	1	0	0	0	0	0	0	0	1	1	0	0	0	0	0	0	0	0
Otu01558	1	0	1	1	0	1	0	0	0	0	0	0	0	0	0	0	0	0	0	0
Otu01561	0	3	0	0	0	0	0	0	0	0	0	0	0	0	0	0	0	0	0	0
Otu01563	0	0	0	0	0	0	0	0	0	0	0	0	0	7	0	0	0	0	0	0
Otu01567	0	0	0	0	0	0	0	0	0	0	0	0	0	21	0	0	0	0	0	0
Otu01569	0	0	0	0	0	0	0	0	0	0	0	0	0	0	0	0	0	4	0	0
Otu01577	0	0	1	0	0	1	0	0	0	0	0	0	0	1	0	0	0	0	0	0
Otu01578	0	0	0	0	0	0	0	0	0	0	0	0	0	3	0	0	0	0	0	0
Otu01579	0	0	0	0	0	0	0	0	0	0	6	0	0	0	0	0	0	0	0	0
Otu01582	0	0	0	0	0	1	0	0	1	0	0	0	0	0	0	1	1	0	0	2
Otu01584	0	0	0	0	0	0	0	0	0	9	0	0	0	0	0	0	0	0	0	0
Otu01585	1	1	0	0	0	0	0	0	0	0	1	1	0	2	0	0	0	0	0	0
Otu01586	0	0	0	0	0	0	0	0	0	0	0	0	0	1	1	0	0	0	0	1
Otu01587	0	0	0	0	0	0	0	0	0	0	0	0	1	0	0	23	0	0	0	0
Otu01590	0	0	0	0	0	0	0	0	1	0	0	0	0	0	0	0	12	0	0	0
Otu01593	0	0	0	0	0	0	0	0	0	0	17	0	0	0	0	0	0	0	0	0
Otu01598	0	0	0	0	0	0	0	0	5	0	0	0	0	0	0	0	0	0	0	0
Otu01599	0	0	0	0	0	0	0	0	8	0	0	0	0	0	0	0	0	0	0	0
Otu01604	0	0	0	0	0	0	0	0	0	0	0	0	0	5	0	0	0	0	0	0
Otu01605	0	0	0	14	0	0	0	0	0	0	0	0	0	0	0	0	0	0	0	0
Otu01606	0	0	0	0	0	0	0	0	0	0	13	0	0	0	0	0	0	0	0	0
Otu01607	0	0	0	0	0	0	0	3	0	0	0	0	0	0	0	0	0	0	0	0
Otu01613	0	0	0	0	0	0	0	0	0	0	0	0	0	0	0	0	0	0	18	0
Otu01614	0	0	0	0	0	0	0	0	0	0	0	0	0	0	0	0	6	0	0	0
Otu01616	0	0	0	1	0	0	1	0	0	0	0	0	1	0	0	0	0	0	1	0
Otu01621	0	0	0	0	0	0	0	0	0	0	0	0	21	0	0	0	0	0	0	0
Otu01624	0	0	0	0	0	0	0	0	0	0	0	0	0	0	0	0	0	7	0	0
Otu01625	0	0	0	0	0	0	2	0	2	0	0	0	0	0	0	0	0	0	0	0
Otu01627	17	0	0	0	0	0	0	0	0	0	0	0	0	0	0	0	0	0	0	0
Otu01629	0	0	7	0	0	0	0	0	0	0	0	0	0	0	0	0	0	0	0	0
Otu01632	0	0	0	0	0	0	0	0	0	9	0	0	0	0	0	0	0	0	0	0
Otu01635	0	0	2	0	0	0	1	0	0	0	0	0	0	0	2	0	0	0	0	0
Otu01639	0	0	0	0	0	0	0	0	0	0	0	3	0	1	0	0	0	0	0	0
Otu01641	0	0	0	0	0	0	0	0	0	0	0	0	0	0	0	0	0	0	3	0
Otu01642	0	0	0	0	0	0	0	0	15	0	0	0	0	0	0	0	0	0	0	1
Otu01646	1	0	0	0	0	0	0	0	0	0	0	0	0	0	0	0	1	1	0	0
Otu01649	0	0	6	0	0	0	0	0	0	0	0	1	0	0	0	0	0	0	0	0
Otu01653	0	0	0	0	0	0	0	0	0	0	0	0	0	0	0	0	0	0	0	20
Otu01662	0	0	0	0	0	0	1	1	0	1	0	0	0	1	0	1	0	0	0	0
Otu01672	0	0	0	0	0	0	0	0	0	0	17	0	0	0	0	0	0	0	0	0
Otu01675	0	0	0	0	0	0	0	0	0	1	0	0	0	0	0	0	0	0	3	0
Otu01677	0	0	0	0	3	0	0	0	0	0	0	0	0	0	0	0	0	0	0	0
Otu01678	0	0	0	0	0	0	0	0	0	0	0	0	0	0	0	0	0	8	0	0
Otu01682	0	0	0	0	0	0	0	20	0	0	0	0	0	0	0	0	0	0	0	0
Otu01683	0	0	0	0	0	0	0	0	0	0	1	0	1	1	1	0	0	0	0	0
Otu01684	0	0	0	0	0	0	0	0	0	0	0	0	4	7	0	0	0	0	0	0
Otu01685	0	0	0	0	0	0	1	1	3	0	0	0	0	0	0	0	2	0	0	0
Otu01686	0	0	0	0	0	0	0	0	0	0	6	0	0	0	0	0	0	0	0	0
Otu01691	0	0	0	0	0	0	0	0	0	0	0	21	0	0	0	0	0	0	0	0
Otu01692	0	0	0	0	0	0	0	1	0	0	0	0	0	0	2	0	0	0	0	0
Otu01696	0	0	3	0	0	0	0	0	0	0	0	0	0	0	0	0	0	0	0	0
Otu01701	0	0	0	0	0	3	0	0	0	0	0	1	0	0	0	3	0	0	0	0
Otu01702	0	1	0	0	0	0	0	0	0	0	0	0	0	0	0	0	6	0	0	0
Otu01704	0	0	0	0	0	0	0	0	0	0	0	0	0	0	0	0	0	3	0	0
Otu01705	0	0	0	0	0	0	0	0	0	0	0	0	0	0	0	0	9	0	0	0
Otu01706	0	0	0	0	0	0	0	0	0	0	0	0	22	0	0	0	0	0	0	0
Otu01713	19	0	0	0	0	0	0	0	0	0	0	0	0	0	0	0	0	0	0	0
Otu01719	0	0	0	0	0	0	2	0	2	0	0	0	0	0	0	0	0	0	0	0
Otu01724	0	0	0	0	0	0	0	0	0	0	0	0	0	5	0	0	0	0	0	0
Otu01725	0	0	0	0	0	0	0	0	0	0	0	0	6	0	5	3	0	0	0	0
Otu01729	0	0	0	0	0	0	0	0	0	0	0	0	21	0	0	0	0	0	0	0
Otu01731	0	1	0	0	0	0	2	3	1	0	0	0	0	0	0	0	1	0	0	0
Otu01733	0	0	1	1	0	0	0	0	0	1	0	0	0	0	0	0	0	0	0	0
Otu01735	0	0	0	0	0	0	0	1	0	0	0	0	0	0	0	0	2	0	0	0
Otu01742	0	0	0	0	0	0	0	21	0	0	0	0	0	0	0	0	0	0	0	0
Otu01744	0	5	0	0	0	0	0	0	0	0	0	0	0	0	0	0	0	0	0	0
Otu01745	0	0	0	0	0	0	0	2	0	2	0	0	0	0	0	0	0	0	0	0
Otu01747	1	1	0	0	0	0	0	0	0	0	0	0	0	0	0	1	0	0	0	0
Otu01749	0	0	0	0	0	0	0	0	0	11	0	0	0	0	0	0	0	0	0	0
Otu01751	0	0	0	0	0	0	1	3	0	0	0	0	0	0	0	0	0	0	0	2
Otu01753	0	0	0	0	0	2	0	0	0	0	0	0	0	0	4	0	0	0	0	0
Otu01756	1	0	0	2	1	1	0	0	0	0	0	0	0	0	0	0	0	0	0	0
Otu01757	0	0	0	0	0	0	0	0	0	0	2	0	0	2	1	0	0	0	0	0
Otu01765	0	0	0	0	0	0	0	0	0	0	0	0	0	0	0	0	0	6	0	0
Otu01770	0	0	2	0	0	5	0	0	0	0	0	0	0	0	0	0	0	0	0	0
Otu01772	0	0	3	0	0	0	0	0	0	0	0	0	0	0	0	0	0	0	0	0
Otu01780	0	0	0	0	0	0	0	0	0	0	0	0	8	0	0	0	0	0	0	0
Otu01781	0	0	0	0	0	0	0	0	0	0	7	0	0	0	0	0	0	0	0	0
Otu01784	0	0	0	0	0	0	0	0	2	0	0	0	0	0	0	0	0	0	3	0
Otu01791	0	0	0	0	0	0	0	0	0	0	8	0	0	0	0	0	0	0	0	0
Otu01792	0	0	0	0	0	0	0	0	0	0	16	0	0	2	0	0	0	0	0	0
Otu01793	0	0	0	0	0	0	0	0	0	0	0	0	0	0	0	0	0	3	0	0
Otu01796	0	0	0	0	0	0	0	0	0	0	0	0	0	0	0	0	0	0	19	0
Otu01806	0	0	0	3	0	0	0	0	0	0	0	2	0	0	0	0	5	0	0	0
Otu01808	0	0	0	1	1	0	0	0	0	0	1	0	0	1	0	0	0	0	0	0
Otu01814	0	0	0	0	0	0	0	0	0	0	0	0	19	0	0	0	0	0	0	0
Otu01815	15	0	0	0	0	0	0	0	0	0	0	0	0	0	0	0	0	0	0	0
Otu01817	0	0	0	0	0	0	0	0	0	0	0	0	4	2	0	1	0	0	0	0
Otu01823	0	0	0	0	1	1	0	1	0	0	0	0	0	1	0	0	0	0	0	0
Otu01825	0	0	0	0	0	0	0	0	0	0	0	0	18	0	0	0	0	0	0	0
Otu01830	0	0	0	0	0	0	0	0	0	0	0	0	0	0	0	0	3	0	0	0
Otu01831	0	0	0	0	0	0	0	0	0	0	3	0	0	0	0	0	0	0	0	0
Otu01840	0	3	0	0	0	0	0	0	0	0	0	0	0	0	0	0	0	0	9	0
Otu01844	0	0	0	0	0	0	0	0	0	0	0	0	17	0	0	0	0	0	0	0
Otu01845	0	0	0	0	0	0	0	0	1	0	0	0	0	2	0	0	0	0	0	0
Otu01847	0	1	0	0	1	0	0	0	1	0	0	0	1	0	0	1	0	0	0	0
Otu01854	0	0	0	0	0	0	0	0	0	0	0	0	0	0	0	0	0	3	0	0
Otu01863	0	0	0	0	0	0	0	0	3	0	0	0	0	1	0	0	0	0	0	0
Otu01868	0	0	0	0	0	0	0	0	0	0	0	0	0	3	0	0	0	0	0	0
Otu01874	0	0	0	0	0	0	0	0	0	0	0	0	0	1	3	0	0	0	0	0
Otu01879	0	0	0	0	0	0	0	3	0	0	0	0	0	0	0	0	0	0	0	1
Otu01881	0	0	0	7	0	0	0	0	0	0	0	0	0	0	0	2	0	0	0	0
Otu01892	1	0	0	0	1	0	0	0	0	0	0	0	0	0	1	0	0	0	0	0
Otu01897	0	0	0	0	0	0	0	0	0	0	0	3	0	0	0	0	0	0	0	0
Otu01898	0	0	0	0	0	4	0	0	0	0	0	0	0	0	0	0	0	0	0	0
Otu01902	0	0	0	0	0	0	2	0	0	0	4	0	0	1	0	0	0	0	0	0
Otu01905	0	0	0	0	0	3	0	0	0	0	0	0	0	3	2	0	0	0	0	0
Otu01907	0	0	0	0	4	0	0	0	0	0	0	0	0	0	0	0	0	0	0	0
Otu01908	0	0	0	0	0	0	0	0	0	0	0	0	0	0	0	0	5	2	2	0
Otu01923	0	0	0	0	0	0	0	1	0	0	0	0	0	0	0	0	4	0	0	0
Otu01925	0	0	0	0	0	0	0	0	0	0	0	0	0	0	0	0	3	0	4	0
Otu01942	0	0	0	0	0	0	0	6	0	0	0	0	0	0	0	0	0	0	0	0
Otu01945	0	0	1	0	0	1	0	0	1	1	1	1	0	0	0	0	0	0	0	0
Otu01948	0	0	0	0	0	0	0	1	11	0	0	0	0	0	0	0	0	0	0	0
Otu01950	0	2	0	0	0	0	0	0	0	0	0	0	0	0	0	1	0	0	0	0
Otu01952	0	0	0	0	0	0	0	0	0	0	0	0	0	0	0	0	6	0	0	0
Otu01953	1	2	1	0	0	0	0	0	0	0	0	1	0	0	0	2	0	0	1	0
Otu01954	0	0	1	0	0	0	0	2	1	0	0	0	0	0	0	0	0	0	0	0
Otu01963	0	0	0	0	0	0	0	0	0	0	3	0	0	0	0	0	0	0	0	0
Otu01970	0	0	0	0	0	0	0	3	0	0	0	0	0	0	0	0	0	0	0	0
Otu01972	0	0	0	0	0	0	0	0	0	0	0	0	0	0	0	2	0	1	0	0
Otu01978	0	0	0	0	0	0	0	0	0	0	0	6	0	0	0	0	0	0	0	0
Otu01981	0	0	0	0	4	6	0	0	0	0	0	0	0	0	0	0	0	0	0	0
Otu01982	0	0	0	1	2	0	0	0	0	0	0	0	0	0	0	0	0	0	0	0
Otu01992	0	0	0	0	0	0	0	0	0	0	0	0	0	16	0	0	0	0	0	0
Otu01993	0	0	0	0	0	0	0	1	1	0	0	0	0	0	0	0	1	0	0	0
Otu01996	0	4	0	0	0	0	0	0	0	0	5	0	0	0	0	0	0	0	0	0
Otu02006	0	0	0	0	0	0	0	0	0	0	0	0	4	1	0	1	0	0	0	0
Otu02010	0	0	0	0	0	0	0	0	0	0	0	0	0	0	0	0	15	0	0	0
Otu02026	0	0	1	0	0	1	0	0	0	0	0	0	0	0	0	0	0	1	0	0
Otu02030	0	0	0	0	0	0	0	0	0	0	0	0	0	0	0	6	0	0	0	0
Otu02033	0	0	0	2	0	0	0	0	0	0	0	0	0	0	3	0	0	0	0	0
Otu02034	0	0	0	0	0	0	0	0	0	0	2	0	11	0	0	0	0	0	0	0
Otu02035	0	0	0	0	0	0	0	0	0	0	0	0	0	0	0	0	0	0	7	0
Otu02042	0	0	0	0	0	0	0	0	0	0	0	0	0	0	0	0	0	15	0	0
Otu02047	0	0	0	0	0	0	0	0	0	7	0	0	0	0	0	0	0	0	0	0
Otu02067	0	0	0	5	0	0	0	0	0	0	0	0	0	0	0	0	0	0	0	0
Otu02069	0	0	1	0	0	0	0	0	0	0	0	0	0	0	0	2	0	0	0	0
Otu02072	0	0	0	0	1	0	0	0	0	0	0	0	0	0	3	0	0	0	0	0
Otu02076	0	0	0	0	0	0	0	0	0	0	0	0	0	1	2	2	0	0	0	0
Otu02080	0	0	0	0	0	0	0	0	0	0	14	0	0	0	0	0	0	0	0	0
Otu02081	0	0	0	0	0	0	0	0	0	0	0	0	0	0	0	0	0	0	3	0
Otu02082	0	0	0	0	0	0	0	0	0	0	14	0	0	0	0	0	0	0	0	0
Otu02083	0	0	0	0	0	0	0	0	0	0	2	0	0	0	0	0	0	1	1	0
Otu02087	0	0	0	0	0	0	0	1	0	0	0	0	0	0	0	0	0	1	0	2
Otu02090	0	0	0	0	0	0	0	0	0	0	0	0	0	3	0	0	0	0	0	0
Otu02093	0	0	0	0	0	0	0	0	0	0	11	0	0	0	0	0	0	0	0	0
Otu02096	0	0	0	0	0	6	0	0	0	0	0	0	0	0	0	0	0	0	0	0
Otu02107	0	0	0	0	0	0	0	0	0	0	0	0	0	2	2	0	0	0	0	0
Otu02114	0	0	1	0	0	0	0	0	0	0	0	0	0	2	2	0	0	0	0	0
Otu02122	0	0	0	0	0	0	0	0	0	0	0	0	0	0	0	0	4	0	0	0
Otu02125	0	0	0	0	0	0	0	0	0	0	1	0	2	0	0	0	0	0	0	0
Otu02139	0	0	0	0	0	0	0	0	0	0	0	0	0	5	0	0	0	0	0	0
Otu02142	0	0	0	0	0	0	0	10	0	1	0	0	0	0	0	0	0	0	0	0
Otu02149	0	0	0	0	0	0	0	0	0	0	12	0	0	0	0	0	0	0	0	0
Otu02154	0	0	0	0	0	0	0	0	0	0	0	0	0	0	0	0	0	0	0	8
Otu02157	4	0	0	0	0	0	0	0	0	0	0	0	0	0	0	0	2	0	0	0
Otu02169	1	1	1	0	1	0	0	0	0	0	0	0	0	0	1	0	0	0	0	0
Otu02179	0	0	0	0	0	0	0	0	0	0	0	0	7	0	0	0	0	0	0	0
Otu02182	0	0	0	0	0	0	8	0	3	0	0	0	0	0	0	0	0	0	0	0
Otu02183	3	0	0	0	0	0	0	0	0	0	0	0	0	0	0	0	1	0	0	0
Otu02185	0	0	0	0	0	0	0	0	0	0	0	0	0	0	0	0	10	0	0	0
Otu02186	0	0	0	0	0	0	0	0	0	0	0	0	0	0	6	1	0	0	0	0
Otu02187	0	0	0	0	1	0	0	0	0	0	0	0	0	0	2	0	0	0	0	0
Otu02194	0	0	0	0	0	0	3	10	0	0	0	0	0	0	0	0	0	0	0	0
Otu02197	0	0	0	0	0	0	0	0	0	0	13	0	0	0	0	0	0	0	0	0
Otu02203	0	1	0	0	1	0	0	0	0	0	2	0	0	0	0	0	0	0	0	0
Otu02205	0	13	0	0	0	0	0	0	0	0	0	0	0	0	0	0	0	0	0	0
Otu02210	0	0	0	0	0	0	0	0	0	0	0	0	0	0	0	0	0	0	0	5
Otu02217	0	0	0	0	0	0	0	0	0	0	0	0	0	0	0	0	0	13	0	0
Otu02227	8	0	0	0	0	0	0	0	4	0	0	0	0	0	0	0	0	0	0	0
Otu02230	0	0	0	0	0	0	0	11	0	0	0	0	0	0	0	0	0	0	1	0
Otu02236	0	0	4	0	0	0	0	0	0	0	0	0	0	0	0	0	0	0	0	0
Otu02246	0	0	0	0	0	0	0	0	0	0	0	0	3	0	0	0	0	0	0	0
Otu02255	0	0	0	0	0	12	0	0	0	0	0	0	0	0	0	0	0	0	0	0
Otu02256	0	3	0	0	0	0	0	0	0	0	0	0	0	0	0	1	0	0	0	0
Otu02262	0	0	0	0	12	0	0	0	0	0	0	0	0	0	0	0	0	0	0	0
Otu02265	0	0	0	0	0	0	0	0	3	0	0	0	0	0	0	0	0	0	0	0
Otu02271	0	0	0	12	0	0	0	0	0	0	0	0	0	0	0	0	0	0	0	0
Otu02280	0	0	0	3	0	0	0	0	0	0	0	0	0	0	0	0	0	0	0	0
Otu02290	0	0	0	0	0	0	0	0	1	0	0	0	0	0	0	0	5	0	0	0
Otu02305	0	0	0	0	0	11	0	0	0	0	0	0	0	0	0	0	0	0	0	0
Otu02314	0	1	0	0	0	0	0	0	0	0	0	0	0	0	0	2	0	0	0	0
Otu02315	0	0	0	0	0	0	0	0	0	0	0	0	0	0	9	0	0	0	0	0
Otu02324	0	0	0	0	0	0	0	0	0	0	0	0	0	0	0	0	5	0	0	0
Otu02335	0	0	0	0	1	0	0	0	0	0	3	0	0	0	0	0	0	0	0	0
Otu02340	0	0	0	0	0	11	0	0	0	0	0	0	0	0	0	0	0	0	0	0
Otu02352	0	0	0	0	0	0	0	0	0	0	11	0	0	0	0	0	0	0	0	0
Otu02366	0	0	0	0	0	0	0	0	0	0	0	0	1	1	0	1	0	0	0	0
Otu02374	0	0	1	0	0	0	0	0	0	0	3	0	0	0	0	0	0	0	0	0
Otu02375	0	9	0	0	0	2	0	0	0	0	0	0	0	0	0	0	0	0	0	0
Otu02376	0	0	0	0	0	0	0	0	0	0	0	5	0	0	0	0	0	0	0	0
Otu02377	0	0	0	4	0	0	0	0	0	0	0	0	0	2	0	0	0	0	0	0
Otu02382	0	0	0	0	0	0	0	0	6	0	0	0	0	0	0	0	0	0	5	0
Otu02389	0	0	0	0	0	0	0	0	0	0	0	0	0	0	0	0	2	1	0	0
Otu02391	0	0	0	0	0	0	0	0	0	0	0	0	0	0	0	0	6	0	1	0
Otu02397	0	0	0	0	0	0	0	0	0	0	0	0	0	0	0	0	0	0	9	0
Otu02405	0	0	4	0	0	0	0	0	0	0	0	0	0	0	0	0	0	0	0	0
Otu02428	0	8	0	0	0	0	0	0	0	0	0	0	0	0	0	0	0	0	0	0
Otu02433	0	0	0	0	0	0	0	9	0	0	0	0	0	0	0	0	0	0	0	0
Otu02434	0	0	0	0	0	0	0	3	0	0	0	0	0	0	0	0	0	0	0	0
Otu02466	0	0	0	0	0	0	0	0	0	0	0	0	0	0	0	0	2	0	3	1
Otu02473	0	0	0	0	0	0	0	0	0	0	0	0	0	0	0	0	0	0	10	0
Otu02484	0	0	0	0	0	6	0	0	0	0	0	0	0	0	0	0	0	0	0	0
Otu02485	0	1	0	0	0	0	2	0	0	0	0	0	0	0	0	0	0	1	0	1
Otu02487	0	0	0	0	0	0	0	0	0	0	0	0	0	0	0	0	5	0	0	0
Otu02503	4	0	0	0	0	0	0	0	0	0	0	0	0	0	0	0	0	0	0	0
Otu02505	0	0	0	0	0	0	0	0	0	0	0	0	0	0	0	0	10	0	0	0
Otu02511	0	0	0	0	0	0	0	0	0	0	0	0	0	10	0	0	0	0	0	0
Otu02516	0	0	0	0	0	0	0	0	0	0	0	0	0	0	0	0	0	9	0	0
Otu02521	0	9	0	0	0	0	0	0	0	0	0	0	0	0	0	0	0	0	0	0
Otu02530	0	0	0	0	0	9	0	0	0	0	0	0	0	0	0	0	0	0	0	0
Otu02532	0	0	0	0	0	9	0	0	0	0	0	0	0	0	0	0	0	0	0	0
Otu02549	0	0	0	0	0	0	0	0	0	0	0	1	0	2	0	0	0	0	0	0
Otu02563	0	0	0	9	0	0	0	0	0	0	0	0	0	0	0	0	0	0	0	0
Otu02570	0	0	0	0	0	0	0	3	1	0	0	0	0	0	0	0	0	0	0	0
Otu02573	0	0	0	0	0	0	0	0	8	0	0	0	0	0	0	0	0	0	0	0
Otu02579	0	8	0	0	0	0	0	0	0	0	0	0	0	0	0	0	0	0	0	0
Otu02585	0	0	0	0	0	3	0	0	0	0	0	0	0	0	0	0	0	0	0	0
Otu02586	0	0	0	0	0	0	6	0	0	0	0	0	0	0	0	0	0	0	0	0
Otu02594	0	0	0	0	0	0	0	0	0	0	0	0	0	0	0	0	3	0	0	0
Otu02607	0	0	0	0	0	5	0	0	0	1	0	0	0	0	0	0	0	0	0	0
Otu02615	0	0	0	0	0	0	1	3	2	0	0	0	0	0	0	0	0	0	0	0
Otu02622	0	0	0	0	3	0	0	0	0	0	0	0	0	0	0	0	0	0	0	0
Otu02626	0	0	0	0	0	0	0	0	0	0	0	0	0	0	0	0	0	0	4	0
Otu02636	3	0	0	0	0	0	0	0	0	0	0	0	0	0	0	0	0	0	0	0
Otu02637	0	0	0	0	0	0	0	0	0	0	0	0	0	0	0	0	3	0	0	0
Otu02647	0	0	0	8	0	0	0	0	0	0	0	0	0	0	0	0	0	0	0	0
Otu02654	0	0	0	0	0	0	0	8	0	0	0	0	0	0	0	0	0	0	0	0
Otu02662	0	0	0	0	0	0	0	0	0	0	0	0	0	0	0	0	0	0	7	0
Otu02663	0	0	0	0	0	0	0	2	0	1	0	0	0	0	0	0	0	0	0	0
Otu02677	0	0	0	0	0	0	0	0	0	0	0	0	0	0	0	0	0	0	4	0
Otu02679	0	2	0	0	0	0	0	0	0	0	0	0	0	0	0	0	0	0	0	1
Otu02688	0	0	0	0	0	0	0	0	0	0	8	0	0	0	0	0	0	0	0	0
Otu02693	0	0	0	0	0	0	0	0	0	0	0	0	0	0	8	0	0	0	0	0
Otu02710	0	0	0	0	0	0	0	0	1	0	0	0	0	0	0	0	0	0	1	2
Otu02711	0	0	0	0	0	0	0	0	5	0	0	0	0	0	0	0	0	0	0	0
Otu02731	0	0	0	0	0	0	0	4	0	0	0	0	0	0	0	0	0	0	0	1
Otu02748	0	0	0	0	0	0	0	0	0	0	0	0	0	0	0	0	8	0	0	0
Otu02753	0	0	0	0	0	8	0	0	0	0	0	0	0	0	0	0	0	0	0	0
Otu02756	0	0	0	0	0	0	0	0	0	0	0	0	0	0	0	0	3	1	0	0
Otu02757	0	0	0	0	0	0	0	0	0	0	0	0	0	0	0	0	7	0	0	0
Otu02779	0	0	0	0	0	0	0	0	0	0	0	0	0	7	0	0	0	0	0	0
Otu02786	0	0	0	0	0	0	0	0	0	0	0	0	0	0	0	0	0	0	8	0
Otu02812	0	0	0	0	0	0	0	0	0	0	0	0	0	0	0	0	0	0	6	0
Otu02815	0	0	0	0	2	0	0	0	0	0	0	0	0	0	0	1	0	0	0	0
Otu02817	0	7	0	0	0	0	0	0	0	0	0	0	0	0	0	0	0	0	0	0
Otu02818	0	0	0	0	0	0	0	0	0	0	0	0	0	0	7	0	0	0	0	0
Otu02820	0	0	0	0	0	0	0	0	0	0	0	0	0	0	7	0	0	0	0	0
Otu02835	0	0	0	0	0	0	0	0	7	0	0	0	0	0	0	0	0	0	0	0
Otu02841	0	0	3	0	0	0	0	0	0	0	0	0	0	0	0	0	0	0	0	0
Otu02847	0	0	0	0	0	0	0	0	0	3	0	0	0	0	0	0	0	0	0	0
Otu02866	0	0	0	0	0	0	0	0	0	0	0	0	0	6	0	0	0	0	0	0
Otu02871	0	0	0	0	0	0	0	0	0	0	0	0	0	0	0	0	0	0	7	0
Otu02900	1	0	1	0	0	0	0	0	0	0	0	0	0	0	0	0	0	0	1	0
Otu02910	0	0	0	0	0	0	0	0	0	0	0	0	0	0	0	0	0	6	0	0
Otu02917	0	0	0	0	0	0	0	0	3	0	0	0	0	0	0	0	0	0	0	0
Otu02924	0	0	0	0	0	0	0	0	0	0	0	0	6	0	0	0	0	0	0	0
Otu02925	0	0	0	0	0	0	0	0	1	0	0	1	0	0	0	0	0	1	1	0
Otu02940	0	0	0	0	0	0	0	0	0	0	0	0	0	0	0	0	0	0	7	0
Otu02944	0	3	0	0	0	0	0	0	0	0	0	0	0	0	0	0	0	0	0	0
Otu02946	0	0	0	7	0	0	0	0	0	0	0	0	0	0	0	0	0	0	0	0
Otu02957	0	0	0	0	0	0	7	0	0	0	0	0	0	0	0	0	0	0	0	0
Otu02969	0	0	0	0	0	0	0	0	1	1	0	0	0	0	0	0	1	0	0	0
Otu02980	0	0	7	0	0	0	0	0	0	0	0	0	0	0	0	0	0	0	0	0
Otu02982	0	0	0	0	0	0	0	0	0	0	0	0	0	0	0	0	0	6	0	0
Otu02994	0	0	1	0	0	0	0	0	0	0	0	0	0	2	0	0	0	0	0	0
Otu03000	0	0	0	0	0	0	0	0	3	0	0	0	0	0	0	0	0	0	0	0
Otu03003	0	0	6	0	0	0	0	0	0	0	0	0	0	0	0	0	0	0	0	0
Otu03012	0	0	0	0	0	0	0	0	0	0	0	0	0	0	3	0	0	0	0	0
Otu03021	0	0	0	0	0	0	0	4	0	0	0	0	0	0	0	0	0	0	0	0
Otu03059	0	0	0	0	0	0	0	0	0	0	0	0	0	6	0	0	0	0	0	0
Otu03070	0	0	0	0	0	0	0	0	0	0	0	0	0	0	0	0	0	0	6	0
Otu03074	0	0	0	0	0	0	0	0	0	0	0	0	0	0	6	0	0	0	0	0
Otu03091	0	0	0	0	0	4	0	0	0	0	0	0	0	0	0	0	0	0	0	0
Otu03111	0	0	0	3	0	0	0	0	0	0	0	0	0	0	0	0	0	0	0	0
Otu03137	0	0	0	0	0	0	0	0	0	0	0	0	4	0	0	0	0	0	0	0
Otu03167	0	0	0	0	0	0	0	0	0	0	0	0	0	0	0	0	0	5	0	0
Otu03174	0	0	0	0	0	0	0	0	0	0	0	0	0	0	0	0	0	0	6	0
Otu03178	0	0	0	0	0	0	0	0	0	0	0	0	0	0	0	0	0	6	0	0
Otu03190	0	0	0	6	0	0	0	0	0	0	0	0	0	0	0	0	0	0	0	0
Otu03236	0	0	0	0	0	5	0	0	0	0	0	0	0	0	0	0	0	0	0	0
Otu03240	0	0	0	0	0	0	0	0	0	0	0	0	0	0	0	0	0	4	0	0
Otu03245	0	0	0	0	0	0	0	0	0	0	0	0	0	0	0	5	0	0	0	0
Otu03256	0	0	0	0	0	0	0	0	0	0	0	0	0	5	0	0	0	0	0	0
Otu03260	0	0	0	0	0	0	1	0	2	0	0	0	0	0	0	0	0	0	2	0
Otu03281	0	0	0	0	0	0	0	0	0	0	0	0	5	0	0	0	0	0	0	0
Otu03327	0	0	0	0	0	0	0	0	0	0	0	0	0	0	0	0	4	0	0	0
Otu03338	0	0	0	0	0	4	0	0	0	0	0	0	0	0	0	0	0	0	0	0
Otu03343	5	0	0	0	0	0	0	0	0	0	0	0	0	0	0	0	0	0	0	0
Otu03368	0	0	0	0	0	0	0	0	0	0	0	0	0	0	0	0	3	0	0	0
Otu03369	0	0	0	0	0	0	0	0	0	0	0	0	0	0	0	0	0	0	5	0
Otu03373	0	0	0	1	0	0	0	0	0	0	1	1	0	0	0	0	0	0	0	0
Otu03378	0	5	0	0	0	0	0	0	0	0	0	0	0	0	0	0	0	0	0	0
Otu03391	0	0	0	0	0	0	0	0	0	0	0	5	0	0	0	0	0	0	0	0
Otu03419	0	0	0	0	0	0	0	0	0	0	0	0	0	0	0	0	0	5	0	0
Otu03421	0	0	0	0	0	0	0	0	1	0	0	0	0	0	0	0	0	0	0	2
Otu03422	0	0	0	0	0	0	0	0	0	0	0	0	0	0	0	0	0	0	5	0
Otu03446	0	0	0	0	0	0	0	0	0	0	0	4	0	0	0	0	0	0	0	0
Otu03456	0	0	0	0	0	0	0	0	0	4	0	0	0	0	0	0	0	0	0	0
Otu03494	0	0	0	0	0	0	0	0	0	0	0	0	4	0	0	0	0	0	0	0
Otu03498	0	0	3	0	0	0	0	0	0	0	0	0	0	0	0	0	0	0	0	0
Otu03511	0	0	0	0	0	0	0	0	0	0	0	0	0	0	4	0	0	0	0	0
Otu03529	0	0	0	2	1	0	0	0	0	0	0	0	0	0	0	0	0	0	0	0
Otu03530	0	0	0	0	0	0	0	0	0	0	0	0	0	3	0	0	0	0	0	0
Otu03537	0	0	0	0	0	1	0	0	1	0	0	1	0	0	0	0	0	0	0	0
Otu03542	0	0	0	0	0	0	0	3	0	0	0	0	0	0	0	0	0	0	0	0
Otu03556	0	0	0	0	0	4	0	0	0	0	0	0	0	0	0	0	0	0	0	0
Otu03559	0	0	0	0	0	0	0	0	0	0	0	0	0	4	0	0	0	0	0	0
Otu03563	0	0	0	0	0	0	0	0	0	0	0	0	0	0	0	0	0	4	0	0
Otu03564	0	0	3	0	0	0	1	0	0	0	0	0	0	0	0	0	0	0	0	0
Otu03568	0	0	0	0	0	0	0	0	0	0	4	0	0	0	0	0	0	0	0	0
Otu03569	0	0	0	0	0	0	0	0	0	0	0	0	0	0	0	0	0	4	0	0
Otu03583	2	0	0	0	2	0	0	0	0	0	0	0	0	0	0	0	0	0	0	0
Otu03587	0	0	0	0	0	0	0	0	0	4	0	0	0	0	0	0	0	0	0	0
Otu03594	0	0	0	0	0	0	0	0	0	0	0	0	0	0	4	0	0	0	0	0
Otu03597	0	0	4	0	0	0	0	0	0	0	0	0	0	0	0	0	0	0	0	0
Otu03600	1	0	0	0	0	1	0	0	1	0	0	0	0	0	0	0	0	0	0	0
Otu03603	0	0	0	0	0	0	0	3	0	0	0	0	0	0	0	0	0	0	0	0
Otu03613	0	4	0	0	0	0	0	0	0	0	0	0	0	0	0	0	0	0	0	0
Otu03618	0	0	0	0	0	0	0	0	0	0	0	0	0	3	0	0	0	0	0	0
Otu03641	0	0	0	0	0	0	0	0	0	0	0	0	0	3	0	0	0	0	0	0
Otu03642	0	0	0	0	0	0	0	0	0	0	0	0	0	0	0	0	0	4	0	0
Otu03650	0	0	0	0	0	0	1	0	1	0	0	0	0	0	0	0	0	2	0	0
Otu03651	0	0	0	0	0	0	0	0	0	0	0	0	0	4	0	0	0	0	0	0
Otu03654	0	0	0	0	0	0	0	0	0	0	4	0	0	0	0	0	0	0	0	0
Otu03689	0	0	0	0	0	0	3	0	0	0	0	0	0	0	0	0	0	0	0	0
Otu03694	2	0	0	0	0	2	0	0	0	0	0	0	0	0	0	0	0	0	0	0
Otu03696	0	0	0	0	0	0	1	0	0	0	0	0	0	0	2	0	0	0	0	0
Otu03698	0	0	3	0	0	0	0	0	0	0	0	1	0	0	0	0	0	0	0	0
Otu03709	0	0	0	0	0	0	0	0	0	0	0	0	0	0	0	0	0	0	4	0
Otu03725	0	0	0	0	0	3	0	0	0	0	0	0	0	0	0	0	0	0	0	0
Otu03745	0	0	0	0	0	0	0	0	0	0	0	0	0	0	0	0	4	0	0	0
Otu03755	0	0	0	0	0	0	0	0	0	0	0	0	0	0	0	0	0	4	0	0
Otu03756	0	0	0	0	0	0	0	0	0	0	0	0	0	4	0	0	0	0	0	0
Otu03768	0	0	0	0	0	0	0	0	0	0	0	0	0	4	0	0	0	0	0	0
Otu03819	0	0	0	0	0	0	0	0	0	0	0	0	0	0	0	0	1	0	3	0
Otu03825	0	0	0	0	0	0	0	0	0	0	0	0	0	4	0	0	0	0	0	0
Otu03838	0	0	0	0	0	0	0	0	0	0	0	0	0	3	0	0	0	0	0	0
Otu03860	0	0	0	0	0	0	0	0	0	0	0	0	0	0	0	0	0	0	0	4
Otu03876	0	3	0	0	0	0	0	0	0	0	0	0	0	0	0	0	0	0	0	0
Otu03925	0	0	0	0	0	0	0	0	3	0	0	0	0	0	0	0	0	0	0	0
Otu03945	0	0	0	0	0	0	0	0	0	3	0	0	0	0	0	0	0	0	0	0
Otu03975	0	0	0	0	0	0	0	0	0	0	0	0	0	0	3	0	0	0	0	0
Otu03998	0	0	0	0	0	0	0	0	0	0	0	0	3	0	0	0	0	0	0	0
Otu04002	0	0	0	0	0	0	0	0	0	3	0	0	0	0	0	0	0	0	0	0
Otu04008	0	0	0	0	0	0	0	0	0	0	3	0	0	0	0	0	0	0	0	0
Otu04015	0	0	0	0	0	0	0	0	0	0	3	0	0	0	0	0	0	0	0	0
Otu04022	0	0	0	0	0	0	0	0	0	0	3	0	0	0	0	0	0	0	0	0
Otu04024	3	0	0	0	0	0	0	0	0	0	0	0	0	0	0	0	0	0	0	0
Otu04041	0	0	0	0	0	0	3	0	0	0	0	0	0	0	0	0	0	0	0	0
Otu04042	0	0	0	0	0	0	0	0	0	0	0	3	0	0	0	0	0	0	0	0
Otu04057	0	0	0	0	0	0	3	0	0	0	0	0	0	0	0	0	0	0	0	0
Otu04066	0	0	0	0	0	0	0	0	0	0	0	0	0	0	0	0	0	0	3	0
Otu04068	0	0	0	0	0	0	0	0	0	0	0	3	0	0	0	0	0	0	0	0
Otu04082	0	3	0	0	0	0	0	0	0	0	0	0	0	0	0	0	0	0	0	0
Otu04089	0	0	0	0	3	0	0	0	0	0	0	0	0	0	0	0	0	0	0	0
Otu04093	0	0	3	0	0	0	0	0	0	0	0	0	0	0	0	0	0	0	0	0
Otu04100	0	0	0	0	0	0	0	0	0	0	0	0	1	2	0	0	0	0	0	0
Otu04106	0	0	0	0	3	0	0	0	0	0	0	0	0	0	0	0	0	0	0	0
Otu04130	0	3	0	0	0	0	0	0	0	0	0	0	0	0	0	0	0	0	0	0
Otu04140	0	0	0	0	0	0	0	0	0	0	0	0	0	0	0	3	0	0	0	0
Otu04147	0	0	0	0	0	0	0	0	0	0	0	0	0	0	0	0	0	0	3	0
Otu04167	0	0	0	0	0	0	0	0	3	0	0	0	0	0	0	0	0	0	0	0
Otu04226	0	0	0	0	0	0	0	0	0	0	0	0	0	0	0	0	0	0	3	0
Otu04233	0	0	0	0	0	0	0	0	0	0	0	0	0	0	0	3	0	0	0	0
Otu04234	0	0	0	0	0	0	0	0	0	0	0	0	0	3	0	0	0	0	0	0
Otu04270	0	0	0	0	0	0	0	0	0	0	0	0	0	0	0	3	0	0	0	0
Otu04302	0	0	0	0	0	0	0	0	0	0	3	0	0	0	0	0	0	0	0	0
Otu04306	0	0	0	0	0	0	0	0	0	0	0	0	0	0	0	0	0	3	0	0
Otu04310	0	0	0	0	0	0	3	0	0	0	0	0	0	0	0	0	0	0	0	0
Otu04346	0	0	0	0	0	0	0	0	0	0	0	0	3	0	0	0	0	0	0	0
Otu04379	0	0	0	0	0	0	0	0	0	0	0	0	0	0	0	0	0	0	3	0
Otu04394	0	0	0	0	0	0	0	0	0	0	0	0	0	0	0	0	0	0	3	0
Otu04399	0	0	0	0	0	0	0	0	0	0	0	0	0	0	0	0	0	0	3	0
Otu04410	0	0	0	0	0	0	0	0	0	0	0	0	0	0	0	0	0	0	3	0
Otu04423	0	0	0	0	0	0	0	0	0	0	0	0	0	0	0	0	3	0	0	0
Otu04428	0	0	0	0	0	0	0	0	0	0	0	1	0	2	0	0	0	0	0	0
Otu04442	0	0	0	0	0	0	0	0	0	1	0	0	2	0	0	0	0	0	0	0
Otu04488	0	0	0	0	0	0	0	0	0	0	0	0	0	0	0	0	0	3	0	0
Otu04527	0	0	0	0	0	0	0	0	0	0	0	0	0	0	0	0	0	0	0	3
Otu04528	0	0	3	0	0	0	0	0	0	0	0	0	0	0	0	0	0	0	0	0
Otu04536	0	0	0	0	3	0	0	0	0	0	0	0	0	0	0	0	0	0	0	0
