OTU_id	F14RhizoFungi.2p.A5	F14RhizoFungi.2p.B4	F14RhizoFungi.2p.C3	F14RhizoFungi.2p.C5	F14RhizoFungi.2p.D2	F14RhizoFungi.H7	F14RhizoFungi.G3	F14RhizoFungi.F11	F14RhizoFungi.G9	F14RhizoFungi.H2	F15RhizoFungi.2p.D4	F15RhizoFungi.H9	F15RhizoFungi.2p.A5	F15RhizoFungi.2p.B4	F15RhizoFungi.H12	F15RhizoFungi.H7	F15RhizoFungi.F11	F15RhizoFungi.G4	F15RhizoFungi.G9	F15RhizoFungi.H2
Otu00001	0	0	4	0	0	0	0	0	0	2	0	41	0	2	0	1	9	2	6	1
Otu00002	683	6	335	581	100	2	0	1	7	0	0	132	923	2	1	0	4	1	2	148
Otu00003	0	291	24	159	457	627	2	1	2	0	2	1	2	114	0	1	1	0	7	0
Otu00004	961	788	10	4	1656	1961	140	455	286	284	1711	2577	773	91	1418	1	57	9	142	1
Otu00005	786	1578	745	2102	254	1088	826	864	1507	604	31	2	20	154	78	0	218	50	5	49
Otu00006	524	1033	1114	1746	256	307	1090	1182	619	362	5	1	66	197	48	0	132	46	4	384
Otu00007	111	312	53	46	385	264	51	211	209	137	357	60	259	767	137	126	306	312	143	103
Otu00008	0	0	0	0	18	1	0	1	0	0	1	3	1	20	2	0	91	2	130	31
Otu00009	2	17	3	3	34	1	5	10	6	10	73	70	21	33	60	1	22	11	91	7
Otu00010	4	14	266	2	9	2	3	29	74	18	11	0	5	25	40	0	4	0	0	0
Otu00011	0	1	0	0	0	0	352	1	202	0	0	0	0	0	0	0	0	0	0	0
Otu00012	0	4	0	0	3	0	4	79	137	0	0	1	2	2	1	0	209	744	5	350
Otu00013	0	12	19	5	0	1	1	0	0	0	10	0	0	24	0	0	2	1	0	25
Otu00014	1395	425	773	207	1297	430	2	1	9	17	11	32	3	70	43	0	69	5	2	52
Otu00015	1	0	0	0	3	3	0	0	3	9	16	1	1	0	0	0	1	7	6	0
Otu00016	52	28	0	1	59	27	2	280	0	61	0	8	1	131	2	0	169	1304	152	504
Otu00017	3	25	4	3	19	11	0	12	1	0	40	25	200	109	321	0	58	2	1	1
Otu00018	1	0	0	14	26	0	0	11	0	17	0	5	0	5	155	223	1	32	3	0
Otu00019	1	9	804	31	2	0	546	7	34	412	31	13	364	13	338	0	13	39	5	2118
Otu00020	38	194	84	92	96	90	2	11	15	1	84	23	45	185	88	214	3	4	1	2
Otu00021	0	0	0	0	0	0	0	1	0	0	0	0	1	1	1	0	0	0	0	1
Otu00022	67	157	88	132	56	60	0	0	0	74	85	40	29	143	110	102	33	415	55	81
Otu00023	11	5	1	2	0	10	5	2	0	1	6	3	5	6	3	1	3	0	2306	1
Otu00024	9	23	9	22	14	25	91	66	137	57	18	58	63	80	22	32	254	117	1305	14
Otu00025	17	68	4	9	44	66	12	20	34	149	7	42	85	142	84	42	30	95	28	31
Otu00026	0	0	0	0	225	0	0	9	0	0	2	2562	3	0	3	1	5	5	9	1
Otu00027	676	15	13	8	10	0	1	17	0	63	0	1	52	0	0	0	58	80	251	33
Otu00028	21	2	2	4	4	35	3	22	258	57	16	5	11	7	18	1	4	43	3	29
Otu00029	0	0	1	11	0	0	0	0	0	4	0	0	0	7	0	0	19	0	0	0
Otu00030	14	4	0	4	1	6	2	26	1	1	4	42	113	138	8	2	49	22	25	1
Otu00031	0	0	0	0	1	0	1	0	0	1	49	14	7	7	18	139	0	1	0	0
Otu00032	1	7	1	0	0	3	38	63	10	2	9	2	27	14	18	3	19	5	9	1
Otu00033	58	80	86	299	70	77	282	56	225	84	0	0	14	24	0	0	80	0	1	0
Otu00034	21	4	1	92	15	46	0	0	0	0	6	2	42	120	58	0	3	0	1	6
Otu00035	1	0	0	1	0	8	347	345	39	172	1	0	1	2	125	1	27	77	1	221
Otu00036	0	0	0	0	0	0	0	0	0	0	8	0	0	0	0	0	0	0	1	0
Otu00037	64	0	30	17	0	13	0	1	0	0	7	0	48	63	20	0	0	2	1	0
Otu00038	0	0	0	0	0	0	0	179	0	13	0	0	2	0	0	1	22	4	0	15
Otu00039	0	0	1	1	0	2	0	0	0	0	0	0	0	0	0	0	0	0	0	1
Otu00040	0	0	0	0	0	0	0	0	0	0	0	0	0	0	0	1	0	1057	0	0
Otu00041	0	0	0	0	0	0	37	0	378	0	0	0	1	0	0	1	0	1	0	28
Otu00043	0	0	0	0	0	0	0	192	0	0	0	0	0	0	0	0	0	0	0	0
Otu00044	0	26	0	0	22	0	0	0	0	0	1	1	8	18	0	0	0	0	1	0
Otu00045	6	0	5	1	1	6	2	0	8	4	0	6	16	1	1	0	4	5	4	1
Otu00046	0	0	0	1	0	0	0	2	0	0	0	0	0	1	0	1	69	5	3	5
Otu00047	0	0	0	2	0	0	0	245	115	27	0	0	16	0	0	0	50	158	61	2
Otu00048	1	0	0	0	94	1	4	0	0	0	697	49	4	263	0	0	0	2	2	0
Otu00050	11	15	8	28	8	16	51	121	49	4	2	4	18	48	14	1	11	3	17	5
Otu00051	20	187	23	15	219	540	0	9	15	0	131	6	17	343	7	0	6	0	0	0
Otu00054	2	0	0	1	0	1	0	2	0	0	2	59	10	0	0	0	2	0	11	0
Otu00055	2	0	0	3	0	0	1	25	20	49	0	1	0	0	1	0	31	22	1	2
Otu00056	0	0	0	0	0	0	0	0	1	765	0	0	0	0	0	0	0	0	0	0
Otu00058	0	0	0	0	0	0	0	0	0	0	0	0	0	1	0	1	0	0	1	0
Otu00059	0	0	0	0	0	0	1	0	0	0	0	1	0	1	2	0	0	0	2	0
Otu00060	0	1	1	1	0	2	1	7	0	59	958	0	1	0	0	0	11	14	0	0
Otu00061	0	0	0	0	1	0	2177	0	0	0	0	0	0	0	0	0	0	0	0	0
Otu00062	0	2	0	0	0	0	0	1	0	0	0	0	0	0	0	0	0	0	0	0
Otu00063	1	0	0	0	1	0	21	12	43	431	0	0	0	1	0	0	62	154	1	75
Otu00064	0	56	0	0	0	15	0	2	0	0	5	2	0	81	155	0	0	0	1	0
Otu00065	0	0	0	0	0	0	0	0	0	80	0	0	1	11	0	0	0	41	3	15
Otu00066	0	0	0	0	0	0	0	0	0	0	0	0	0	1	0	0	0	0	4	0
Otu00067	0	200	0	0	1	0	0	2	0	0	1	1	0	24	0	0	0	0	1	0
Otu00068	0	0	0	0	0	0	0	0	0	482	0	0	0	0	0	0	0	0	0	0
Otu00069	0	0	0	0	0	0	2	2	1	0	0	0	0	0	0	0	8	0	1	0
Otu00070	1	0	0	0	0	0	0	0	0	0	0	0	260	0	931	0	0	0	0	0
Otu00072	0	0	0	1	0	5	4	0	1	0	0	2	13	2	7	0	1	4	3	18
Otu00074	1	0	0	1	0	1	0	1	1	1	0	0	0	0	0	0	0	0	0	0
Otu00075	0	0	0	0	0	0	0	0	0	8	2	0	1	10	3	2	3	0	0	0
Otu00076	7	32	785	93	33	12	11	0	0	8	13	1	4	21	6	0	1	1	42	0
Otu00077	80	17	1	10	128	100	0	0	0	0	5	0	5	2	2	31	0	0	0	0
Otu00078	0	40	0	0	8	1	10	9	35	59	547	1	13	9	2	136	18	10	0	17
Otu00079	22	0	0	8	7	16	7	13	0	8	1	0	24	0	7	1	109	21	0	33
Otu00080	0	0	2	1	2	2	1	0	0	0	57	8	31	3	11	14	0	0	2	0
Otu00081	0	0	0	0	0	0	0	0	0	0	1	0	0	0	0	0	1	0	1	0
Otu00083	5	0	2	35	3	0	14	0	0	0	5	0	42	8	7	1	0	2	2	0
Otu00084	0	0	0	0	0	0	0	202	0	0	2	1	5	0	0	219	38	0	1	0
Otu00085	0	0	0	0	0	0	5	0	0	0	0	0	0	0	0	0	0	1	0	22
Otu00086	0	0	0	0	25	0	0	0	0	0	27	0	0	0	0	0	0	0	0	0
Otu00087	0	0	0	0	0	0	1	0	0	347	0	0	0	0	0	0	0	0	0	0
Otu00088	0	0	2	0	17	5	0	0	0	8	9	7	24	8	2	0	1	0	0	0
Otu00090	0	0	0	0	0	0	0	15	0	0	0	0	0	0	0	0	4	0	0	0
Otu00091	0	0	1	2	0	0	0	2	0	0	0	0	0	0	0	0	0	0	0	0
Otu00092	1	39	29	95	6	0	1	7	116	17	0	0	1	0	1	0	9	5	0	0
Otu00093	0	0	7	6	0	39	0	0	0	0	1	0	3	0	2	0	0	0	1	0
Otu00094	25	3	6	55	2	0	1	0	17	0	5	3	812	8	5	0	1	0	0	0
Otu00095	0	6	4	2	8	0	0	0	0	0	47	66	1	0	81	0	0	0	0	0
Otu00096	0	0	0	3	0	0	0	0	0	0	324	1	0	0	0	47	0	0	0	61
Otu00097	0	9	0	0	4	1	38	0	9	3	59	41	4	11	138	39	10	4	3	0
Otu00098	162	20	115	86	62	36	3	0	0	0	0	8	4	0	0	64	0	0	0	0
Otu00101	15	40	0	4	0	12	0	0	0	0	0	0	186	25	7	0	0	0	1	31
Otu00102	45	0	7	2	0	0	1	35	0	0	0	24	36	0	759	0	2	1	1	1
Otu00103	0	0	0	0	0	0	1	2	8	0	0	0	0	0	0	0	0	0	0	0
Otu00104	0	9	0	12	14	5	0	3	0	0	1	0	18	2	9	0	94	0	1	38
Otu00105	0	0	142	7	0	5	5	4	1	0	0	0	3	0	0	0	0	0	0	0
Otu00107	150	6	18	21	17	0	0	15	27	14	51	2	30	12	46	0	13	33	0	30
Otu00108	0	0	0	0	0	0	0	0	0	0	0	0	0	0	0	1	621	35	2	26
Otu00109	0	0	0	0	0	0	0	0	0	0	0	1	0	0	0	0	256	390	1	0
Otu00110	0	1	0	16	4	0	1	1	19	11	0	1	3	1	9	0	8	14	15	1
Otu00112	1	9	19	0	62	0	0	0	0	0	71	1	4	166	28	0	21	7	1	0
Otu00115	0	0	0	0	2	0	0	0	0	0	0	0	0	2	0	0	0	0	0	0
Otu00117	0	0	0	0	1	0	0	0	0	0	0	0	0	0	0	0	21	0	0	0
Otu00118	0	0	0	0	0	0	0	0	0	0	0	0	0	0	0	2222	0	0	0	0
Otu00119	1	0	1	2	0	0	0	0	0	0	0	0	17	0	0	0	0	0	0	2
Otu00122	0	0	0	3	0	0	2	1	0	14	0	0	0	0	0	0	0	0	0	0
Otu00123	0	0	0	0	0	0	0	0	0	0	0	0	0	0	0	0	1	1	2	0
Otu00124	0	0	0	0	0	0	0	0	395	0	0	0	0	0	0	0	0	0	0	0
Otu00125	0	1	0	0	1	0	0	58	0	13	0	0	0	0	0	0	62	0	127	220
Otu00126	0	0	0	0	0	0	3	651	6	0	0	0	0	0	13	0	40	3	1	0
Otu00127	0	15	0	1	65	0	0	0	0	0	0	0	0	0	0	0	2	0	0	0
Otu00128	2	1	0	0	3	0	0	0	129	10	0	1	0	2	0	1	0	3	7	0
Otu00130	0	0	1	36	0	0	0	0	0	0	0	18	0	0	0	190	0	0	1	0
Otu00131	0	0	1	1	3	32	1	4	20	0	0	1	0	0	0	0	0	0	0	0
Otu00132	3	0	1	0	11	7	0	0	0	0	18	24	9	7	0	12	0	1	0	7
Otu00133	0	0	51	0	0	0	0	0	0	0	0	0	0	0	0	0	0	1	0	828
Otu00134	0	0	1	0	0	0	27	128	13	85	0	0	0	1	2	0	0	0	0	0
Otu00136	0	0	0	0	0	0	0	0	0	0	44	1	0	0	3	0	0	0	0	0
Otu00137	9	12	6	28	7	21	7	24	4	0	7	15	15	20	10	0	7	0	3	0
Otu00138	0	15	0	0	0	0	1	3	0	0	0	5	0	0	0	0	0	0	0	0
Otu00139	0	0	0	0	0	0	0	0	0	0	0	0	0	0	0	0	0	4	0	0
Otu00140	4	29	9	38	17	5	0	0	0	3	3	1	4	12	0	0	0	0	19	0
Otu00141	4	0	0	0	13	0	0	26	1	1	0	0	0	0	0	0	0	0	0	0
Otu00142	0	4	311	5	0	0	0	0	1	1	0	1	47	0	53	0	0	0	0	0
Otu00143	0	48	2	5	12	14	0	0	0	0	28	51	4	21	30	47	0	0	2	0
Otu00144	0	0	0	0	0	0	0	0	0	0	0	0	0	0	26	0	0	0	0	0
Otu00146	0	0	0	0	0	0	2	0	20	0	0	0	0	1	0	0	0	0	0	0
Otu00147	0	0	0	0	0	0	0	4	0	0	0	0	0	0	0	0	0	0	0	0
Otu00148	1	6	3	27	5	0	1	19	2	0	0	0	5	38	3	0	1	13	0	21
Otu00149	0	0	0	0	0	0	0	0	0	0	6	0	23	0	6	0	0	0	0	0
Otu00150	0	0	0	0	0	1	0	0	0	0	40	2	6	1	0	2	1	4	1	0
Otu00151	0	3	0	0	3	0	16	22	306	0	0	0	7	10	8	0	0	4	0	0
Otu00152	0	0	0	0	0	0	0	0	0	0	1	0	1	0	1	0	0	0	1	1
Otu00153	0	0	0	0	0	0	0	0	0	0	0	0	0	0	0	0	0	0	0	23
Otu00154	0	0	0	0	0	0	0	0	0	5	0	0	0	0	0	0	0	0	0	0
Otu00155	0	0	0	0	0	0	2	14	24	47	0	0	1	0	0	0	0	73	1	6
Otu00156	15	5	0	4	0	3	2	0	0	0	43	0	14	6	7	0	0	0	0	0
Otu00157	0	0	0	0	0	0	0	4	0	0	0	0	1	0	0	0	992	3	86	0
Otu00158	0	0	0	0	0	0	0	0	0	0	0	1	0	0	0	0	12	10	2	0
Otu00160	1	0	0	0	1	0	1	0	0	40	0	0	4	0	0	0	3	67	70	0
Otu00161	0	0	0	0	1	1	0	0	0	1	0	1	1	0	0	0	50	4	1	1
Otu00162	7	0	0	0	0	32	0	3	1	10	19	1	8	31	4	0	12	1	0	0
Otu00163	0	0	0	0	0	0	0	0	0	0	1	0	0	1	0	0	0	0	0	1
Otu00164	4	0	3	0	1	0	0	1	68	5	5	8	0	22	7	0	2	1	0	0
Otu00167	0	0	0	0	0	0	0	0	0	0	0	0	0	0	0	0	323	61	1	57
Otu00168	0	0	0	0	0	0	0	1	0	0	1	1	1	2	0	6	0	0	0	0
Otu00169	0	0	9	48	2	0	0	0	0	0	1	0	0	9	6	42	0	0	0	0
Otu00170	0	5	0	0	11	1	0	1	0	0	35	1	44	15	0	0	0	0	0	0
Otu00172	0	0	37	1	0	0	0	16	17	0	0	0	0	4	1	0	0	0	0	0
Otu00173	0	33	0	7	0	33	0	0	0	0	9	0	0	0	0	0	0	0	0	0
Otu00174	0	27	1	2	28	0	0	3	0	0	0	15	5	0	236	0	1	0	0	0
Otu00175	0	0	25	1	0	0	0	0	0	0	0	0	0	0	0	0	0	0	0	236
Otu00176	0	1	0	1	0	0	0	0	0	6	0	4	0	0	0	0	0	0	0	0
Otu00178	0	0	18	1	26	0	2	13	7	0	0	0	37	0	9	0	0	0	0	0
Otu00179	0	0	0	0	0	0	0	26	58	0	0	0	8	0	0	0	4	0	0	0
Otu00180	0	0	0	0	0	0	0	28	15	0	0	0	0	0	0	0	4	0	112	0
Otu00182	0	0	0	0	6	0	0	7	0	0	0	0	0	0	0	0	9	4	0	19
Otu00183	0	0	0	0	0	0	0	1	0	0	0	1	0	5	0	0	0	0	1	0
Otu00184	6	1	1	0	0	0	0	0	0	0	0	0	567	235	0	0	0	0	0	0
Otu00185	136	18	32	9	17	8	0	6	0	0	0	0	0	0	6	0	3	0	0	0
Otu00186	0	0	0	0	0	0	0	0	0	0	3	27	0	0	0	0	0	0	0	0
Otu00187	0	0	0	0	0	0	0	0	0	0	6	0	0	0	0	0	0	0	0	0
Otu00189	0	0	2	1	0	0	23	19	60	9	7	1	0	36	0	278	0	0	49	0
Otu00190	0	0	0	0	0	0	0	0	0	0	19	0	60	48	2	0	0	0	0	0
Otu00192	0	11	0	0	0	0	0	0	0	0	11	0	0	121	3	0	0	0	0	0
Otu00194	0	3	2	0	4	0	0	0	0	0	0	0	0	2	0	0	0	0	0	0
Otu00196	76	13	26	7	0	7	0	2	1	0	9	0	26	23	2	0	0	0	0	0
Otu00197	0	0	0	0	0	0	0	0	0	235	0	0	0	0	0	0	0	0	0	0
Otu00198	0	0	0	5	0	0	0	0	0	14	0	1	0	0	0	0	0	5	2	0
Otu00199	0	0	0	0	0	0	10	13	21	6	0	0	0	0	0	0	15	18	143	0
Otu00200	2	4	0	0	10	1	0	0	0	0	6	7	0	5	0	0	0	0	0	0
Otu00201	0	0	0	0	0	0	1	0	0	3	0	0	1	0	0	0	2	1	0	2
Otu00203	1	0	0	4	4	0	0	0	0	0	0	0	0	0	0	0	0	0	0	0
Otu00204	11	10	15	0	0	6	0	0	0	0	8	3	0	231	0	0	0	0	0	0
Otu00206	0	65	2	0	0	7	0	50	0	25	0	0	19	4	5	0	29	0	0	0
Otu00207	0	0	0	0	0	0	0	1	0	0	0	1	0	0	0	0	1	0	0	0
Otu00208	0	0	0	0	0	0	0	0	0	0	6	0	3	8	11	0	6	2	0	0
Otu00209	0	0	0	0	0	0	0	0	0	6	0	0	0	26	0	0	0	11	0	0
Otu00210	0	0	89	11	0	1	0	1	0	0	0	0	0	52	0	0	0	0	0	0
Otu00211	0	0	0	0	0	0	0	0	1	0	0	0	0	1	1	1	1	0	0	0
Otu00213	0	2	0	34	0	16	0	0	0	0	44	1	0	16	48	0	0	0	1	0
Otu00217	0	0	0	0	0	0	0	0	0	0	15	0	0	0	0	0	0	0	0	0
Otu00218	8	0	0	0	0	0	0	0	0	0	0	0	73	0	0	0	0	0	0	0
Otu00219	0	0	0	0	0	0	0	0	0	0	0	0	1	0	1	0	0	3	0	0
Otu00221	4	0	0	0	0	0	0	0	0	0	1	0	32	0	1	0	0	0	0	0
Otu00224	0	5	0	0	2	0	0	0	0	0	25	4	7	4	10	16	0	0	0	0
Otu00225	0	3	0	1	37	2	0	0	0	0	18	0	6	4	0	0	2	0	0	0
Otu00226	0	0	2	0	0	0	0	1	0	0	0	0	5	0	0	0	0	0	0	0
Otu00234	0	0	0	0	0	1	6	0	134	0	0	0	0	0	0	0	0	2	0	0
Otu00235	0	2	0	0	0	0	0	0	0	1	3	0	5	0	0	0	10	0	0	0
Otu00236	7	19	0	0	1	0	0	0	0	0	0	2	2	0	78	0	13	0	1	0
Otu00237	0	0	0	0	0	0	0	3	0	0	0	0	0	0	1	0	8	0	0	0
Otu00238	0	1	0	5	10	0	0	0	0	0	0	0	3	0	0	0	0	0	0	0
Otu00240	0	0	1	13	0	0	0	0	0	0	4	0	9	0	0	478	0	0	0	0
Otu00241	0	11	0	0	2	0	0	0	0	0	0	0	0	0	0	0	4	5	419	0
Otu00242	0	0	0	0	0	4	0	0	0	0	0	0	2	0	0	447	0	0	0	0
Otu00245	0	0	0	0	0	0	17	4	96	7	0	0	0	3	0	0	0	0	0	0
Otu00247	40	0	0	0	1	0	0	0	0	0	0	0	0	0	0	0	0	0	0	0
Otu00248	0	6	0	0	2	0	0	5	11	2	13	0	1	0	0	2	4	11	0	0
Otu00249	0	0	0	0	8	0	0	0	0	0	8	0	0	0	0	0	0	0	0	0
Otu00250	0	37	9	7	1	6	0	0	0	0	0	0	0	0	0	366	0	0	0	0
Otu00251	0	0	3	1	0	0	0	0	0	0	0	0	0	0	0	0	0	0	0	0
Otu00252	0	0	0	0	0	0	6	21	6	0	0	0	0	0	0	0	0	0	0	0
Otu00254	0	0	0	0	0	0	0	0	0	0	0	0	0	132	33	0	0	1	0	0
Otu00255	0	0	0	0	0	0	0	8	0	0	0	1	0	0	0	0	50	6	0	0
Otu00257	12	16	8	2	22	0	0	0	0	0	2	0	0	12	7	0	3	0	0	11
Otu00258	0	0	0	0	0	0	0	0	0	0	0	0	0	0	0	0	374	0	0	0
Otu00260	0	0	0	0	0	0	0	0	0	0	34	3	2	31	2	0	7	0	0	0
Otu00261	0	12	0	0	0	0	0	0	0	0	0	0	0	0	0	0	0	0	0	0
Otu00262	0	5	0	4	0	0	0	0	0	0	1	65	1	4	5	0	0	0	0	0
Otu00263	28	17	11	3	0	6	0	0	0	0	0	0	0	0	0	0	27	0	0	0
Otu00264	0	0	0	0	0	0	0	2	0	21	0	0	0	0	0	0	37	4	1	0
Otu00265	0	0	0	0	0	0	0	0	0	11	0	0	0	0	0	0	0	0	0	0
Otu00266	1	0	0	0	0	0	0	0	0	1	9	1	3	11	0	0	0	0	0	0
Otu00269	0	0	2	0	14	0	0	0	0	0	0	0	0	0	0	0	0	4	0	0
Otu00270	0	0	0	0	0	0	4	5	7	9	0	0	0	0	0	0	4	6	32	0
Otu00271	0	0	0	0	0	0	0	0	0	0	0	0	0	0	0	0	231	3	0	0
Otu00272	0	1	0	1	0	0	0	1	1	3	0	2	2	0	3	0	0	14	0	0
Otu00274	0	0	4	0	10	0	0	0	0	0	4	0	0	0	0	0	0	0	0	0
Otu00275	1	0	0	0	9	9	2	0	1	0	0	0	7	18	0	0	0	0	0	0
Otu00276	0	0	0	0	0	2	1	4	0	18	1	0	0	0	0	0	0	30	0	0
Otu00277	0	0	0	0	9	0	0	0	0	0	0	0	0	58	0	0	0	0	2	0
Otu00278	2	0	0	0	0	0	0	0	0	0	0	0	0	1	0	0	0	0	0	0
Otu00280	0	1	0	1	5	1	1	0	0	1	17	0	3	37	4	0	0	0	0	1
Otu00281	0	0	0	0	0	0	0	0	0	0	22	0	0	0	0	0	0	0	0	0
Otu00282	4	4	1	4	1	14	0	4	12	0	0	0	0	3	6	0	0	0	0	0
Otu00283	0	0	0	0	0	0	0	0	9	0	0	1	2	8	2	0	1	2	0	0
Otu00284	0	1	0	0	0	0	7	0	1	1	1	11	3	2	10	0	12	0	3	0
Otu00285	0	0	0	0	0	0	0	0	0	0	0	0	0	20	0	0	0	0	0	0
Otu00286	0	12	1	0	0	7	0	0	0	0	0	0	0	0	0	0	0	0	0	0
Otu00287	0	0	0	0	0	0	0	18	0	36	0	0	0	0	0	0	0	37	0	0
Otu00288	0	0	0	0	0	0	0	0	18	0	0	0	1	7	2	0	0	0	1	0
Otu00290	0	0	0	6	0	0	0	0	0	0	0	0	0	0	0	391	0	0	0	0
Otu00291	0	38	0	0	1	0	0	6	11	1	3	0	0	0	0	1	1	2	0	0
Otu00292	2	3	0	0	4	8	0	0	0	0	0	3	1	3	26	0	0	0	0	0
Otu00293	0	0	0	0	0	0	0	0	1	0	0	1	1	0	0	0	10	0	0	1
Otu00294	0	0	0	0	0	0	0	0	0	1	0	0	0	0	0	0	0	0	0	4
Otu00295	2	2	1	2	0	1	8	2	2	0	3	0	5	4	6	0	0	0	0	1
Otu00297	0	0	21	0	1	0	1	0	0	0	0	0	0	12	0	0	0	0	0	0
Otu00298	0	3	0	0	0	6	0	0	0	0	1	0	79	13	25	0	0	0	0	0
Otu00300	0	0	0	0	0	0	0	0	0	0	0	0	0	207	0	0	0	0	0	0
Otu00301	0	0	8	0	0	0	0	0	0	0	0	2	0	0	1	0	0	0	0	0
Otu00302	8	0	0	1	0	0	0	0	0	0	0	0	0	0	0	0	0	0	26	0
Otu00304	0	3	24	35	31	0	0	0	0	0	0	6	0	0	0	0	1	6	0	0
Otu00305	0	1	0	0	19	0	0	0	0	0	0	0	10	0	0	0	0	0	0	0
Otu00306	0	0	0	0	0	0	0	0	0	0	0	0	0	0	5	0	0	1	0	7
Otu00307	0	0	0	0	0	0	0	0	0	0	0	0	1	15	0	9	0	0	0	0
Otu00308	10	0	0	0	0	0	0	0	0	0	0	0	12	0	0	0	0	0	0	0
Otu00310	5	0	0	8	4	0	11	1	2	0	0	0	15	11	0	0	12	0	0	0
Otu00312	0	0	0	0	0	0	0	0	0	0	0	0	1	0	0	0	0	257	0	0
Otu00313	0	0	0	0	0	0	0	0	0	0	0	0	0	5	0	0	0	0	0	0
Otu00314	0	0	0	16	0	0	0	0	0	0	0	0	1	0	23	0	0	0	0	0
Otu00315	0	0	0	0	0	0	2	31	10	4	0	0	0	0	0	0	5	43	1	0
Otu00316	0	0	0	0	0	0	0	0	0	0	0	0	0	0	0	0	4	0	0	13
Otu00318	0	0	0	0	0	0	0	0	0	0	0	0	0	0	0	0	0	5	0	0
Otu00319	0	0	0	0	0	0	0	0	0	0	0	0	0	0	0	0	7	0	0	17
Otu00320	0	0	0	0	8	0	0	0	0	0	0	0	2	0	0	0	0	0	0	0
Otu00322	0	0	0	0	0	0	0	0	0	0	1	0	0	0	2	0	0	0	0	0
Otu00324	4	0	2	6	3	0	0	0	0	0	5	2	31	0	0	0	0	0	0	0
Otu00325	0	0	0	0	11	0	0	0	0	0	16	0	2	10	0	0	0	0	0	0
Otu00326	0	5	0	0	0	0	0	0	0	0	0	0	0	0	0	0	0	0	0	0
Otu00328	0	0	0	0	0	7	0	1	0	0	0	6	10	1	1	0	0	0	0	0
Otu00331	0	0	0	1	2	0	3	1	0	0	1	3	1	7	14	0	0	0	0	7
Otu00335	0	0	0	0	0	0	0	0	1	0	0	1	1	4	0	0	0	0	0	0
Otu00338	0	0	0	0	0	0	0	4	0	0	0	0	0	0	0	0	0	0	0	0
Otu00340	0	8	3	0	0	0	0	1	0	0	0	0	0	0	93	0	0	0	0	0
Otu00341	0	0	4	0	0	0	0	0	0	0	0	0	0	56	3	1	3	10	0	0
Otu00343	0	0	0	0	0	0	0	0	0	0	0	0	0	1	0	446	0	0	0	0
Otu00344	0	0	0	0	0	0	4	0	0	39	0	0	0	0	0	0	0	0	0	3
Otu00345	0	0	0	0	0	0	0	0	0	0	6	0	0	0	0	0	0	0	0	0
Otu00346	0	0	0	0	0	0	0	0	0	0	0	0	149	14	0	0	0	0	0	0
Otu00347	0	0	0	0	0	0	0	0	0	0	0	0	3	0	0	0	0	0	0	0
Otu00348	0	0	80	3	0	0	0	0	0	0	0	1	13	0	0	0	0	0	0	0
Otu00349	0	0	0	0	0	0	0	0	0	0	26	0	1	15	2	0	1	0	0	0
Otu00353	0	0	0	0	0	0	0	0	0	0	0	0	0	6	0	0	8	0	0	0
Otu00355	0	0	0	0	0	0	0	0	0	0	0	0	0	0	0	0	9	12	0	0
Otu00356	0	5	0	0	0	0	0	0	0	0	0	2	4	0	0	0	0	0	0	0
Otu00357	0	0	0	0	0	0	0	0	0	0	0	0	0	0	0	0	8	3	0	3
Otu00358	0	26	0	0	0	0	0	0	0	0	0	0	0	0	0	0	0	0	0	0
Otu00361	0	0	0	0	0	0	0	0	0	0	11	0	0	0	0	0	0	0	0	0
Otu00363	0	0	0	0	2	0	0	0	0	0	0	0	0	1	0	0	0	0	0	0
Otu00364	0	22	0	0	0	0	0	0	0	0	0	0	0	62	0	0	0	0	0	0
Otu00366	6	2	0	4	0	0	0	0	0	0	8	0	2	0	14	0	16	0	0	0
Otu00371	0	0	0	4	0	1	0	2	18	0	0	1	4	2	0	0	11	0	0	0
Otu00373	0	0	0	0	0	0	0	0	0	0	0	0	0	1	0	1	0	1	0	0
Otu00374	0	5	0	7	0	0	0	0	0	0	0	4	4	16	1	0	0	0	0	0
Otu00375	0	0	0	0	0	0	0	0	0	1	0	1	0	0	0	0	0	2	1	1
Otu00376	0	0	0	0	0	0	4	0	0	0	0	0	0	0	0	0	0	0	0	0
Otu00378	1	0	1	0	0	0	1	0	0	0	0	1	2	63	0	0	7	2	4	1
Otu00379	1	14	3	3	2	3	0	0	0	0	6	1	7	11	6	1	0	1	0	0
Otu00380	0	1	0	0	4	0	0	0	0	0	0	0	33	0	0	0	0	0	0	0
Otu00383	0	0	0	0	3	0	0	0	0	0	0	0	0	0	0	0	0	0	0	0
Otu00384	0	0	13	0	0	0	0	0	0	0	2	0	0	0	0	0	0	0	0	0
Otu00386	0	0	0	0	0	0	0	0	0	275	0	0	2	0	0	0	0	0	0	0
Otu00387	0	0	0	0	0	0	1	0	0	0	0	0	0	0	0	0	33	0	0	0
Otu00388	0	0	0	3	0	0	0	2	0	3	0	0	1	0	0	0	7	0	0	25
Otu00389	0	0	0	0	0	0	2	0	0	0	0	0	0	3	0	0	0	2	0	0
Otu00390	0	0	0	0	0	0	0	0	0	11	0	0	0	0	0	0	0	0	0	0
Otu00391	0	0	0	0	0	0	0	20	1	24	0	0	0	0	0	0	0	2	1	0
Otu00392	0	0	0	0	0	0	0	1	0	0	2	2	1	0	0	0	0	3	0	0
Otu00396	2	2	0	0	1	5	0	1	0	0	0	3	1	3	2	0	2	0	0	0
Otu00397	0	0	1	0	0	0	0	0	0	0	4	0	0	0	0	0	0	0	0	0
Otu00398	0	0	0	3	0	0	0	0	3	0	2	0	6	0	34	0	0	0	0	0
Otu00399	0	0	0	0	0	0	0	29	0	0	0	0	0	0	0	0	0	0	0	0
Otu00400	0	0	0	4	0	0	0	0	0	0	0	0	0	14	0	0	0	0	0	0
Otu00401	0	0	0	0	0	0	0	0	0	0	0	0	0	55	1	0	0	0	0	0
Otu00402	0	0	0	0	0	4	0	0	0	0	0	0	0	0	0	0	0	0	0	0
Otu00403	0	0	0	0	0	0	0	2	1	0	0	0	0	0	0	0	0	0	0	0
Otu00404	0	0	0	1	11	0	0	0	0	0	0	0	0	0	0	0	0	0	0	0
Otu00412	15	0	0	2	30	0	2	0	0	0	0	0	5	0	0	0	0	0	0	0
Otu00413	0	0	0	0	0	7	0	0	0	0	0	0	6	0	0	0	0	0	0	0
Otu00415	0	0	0	0	0	0	20	0	0	1	0	0	3	0	0	0	0	42	0	0
Otu00418	0	0	0	0	0	0	0	79	0	0	0	0	0	0	0	0	0	0	0	0
Otu00419	0	0	0	0	0	0	21	0	0	0	1	0	1	0	1	0	4	0	0	1
Otu00422	0	1	0	0	1	2	0	0	0	0	2	0	0	0	0	0	0	0	0	0
Otu00423	0	0	0	0	0	0	0	0	0	0	39	1	0	11	0	0	0	0	0	0
Otu00424	0	0	0	0	0	0	0	0	1	0	0	0	3	12	0	0	0	0	0	0
Otu00426	0	0	0	0	0	4	4	1	7	0	0	0	0	0	1	0	8	0	0	0
Otu00427	0	0	0	0	0	0	0	3	0	0	0	1	1	0	0	0	7	1	0	1
Otu00428	0	0	2	3	0	0	0	0	0	0	0	0	0	0	0	0	0	17	0	0
Otu00429	0	0	0	0	0	0	0	0	0	0	0	0	17	5	0	0	0	0	0	0
Otu00430	0	0	8	5	0	0	0	0	0	3	0	0	0	0	0	0	0	0	0	0
Otu00432	0	0	0	2	6	0	0	0	0	0	0	0	0	0	0	0	0	0	0	0
Otu00433	0	0	0	0	0	0	0	0	0	0	0	0	0	0	0	210	0	0	0	0
Otu00435	0	0	0	0	0	0	0	0	0	19	0	0	0	0	0	0	0	0	0	0
Otu00436	0	0	0	0	6	0	0	0	0	0	0	0	0	59	0	1	0	0	0	0
Otu00438	6	0	0	0	0	0	0	0	0	0	0	1	0	1	1	0	0	0	0	0
Otu00441	0	0	0	0	0	17	0	0	0	0	0	0	0	0	0	0	0	0	0	0
Otu00442	0	0	0	0	0	0	0	2	0	0	0	0	7	0	0	0	0	0	0	0
Otu00443	0	1	0	0	0	0	0	0	5	0	0	0	0	0	0	0	0	0	0	0
Otu00444	0	0	0	0	0	0	0	2	0	1	0	0	0	0	0	0	0	0	0	0
Otu00446	0	0	0	0	0	0	0	6	0	0	0	0	1	0	0	0	0	0	0	0
Otu00447	0	0	0	0	0	0	0	0	0	0	0	14	0	0	0	0	0	0	1	61
Otu00448	0	0	3	12	0	0	0	0	0	0	0	0	0	0	0	0	0	0	0	0
Otu00450	9	4	3	1	9	10	0	1	0	0	0	0	0	0	0	0	2	0	11	2
Otu00453	0	0	0	0	0	0	0	0	0	0	6	0	0	6	2	0	0	0	0	0
Otu00454	0	0	0	0	0	0	0	0	1	1	0	0	0	0	0	0	0	0	0	1
Otu00456	0	0	0	0	0	0	1	0	0	0	0	0	3	1	0	0	0	0	0	0
Otu00458	0	0	0	0	0	0	0	0	0	0	0	0	0	0	0	0	5	0	0	0
Otu00459	0	0	0	0	0	2	0	0	0	0	26	0	0	0	0	0	0	0	0	0
Otu00460	0	0	0	0	0	0	1	0	0	0	0	4	0	0	0	0	0	0	0	0
Otu00462	0	0	0	0	0	0	0	0	0	0	10	0	0	0	0	0	0	0	0	0
Otu00465	0	0	0	0	0	0	0	0	0	0	4	0	0	0	0	0	0	0	0	0
Otu00467	0	0	0	0	7	0	1	4	3	0	0	0	1	0	0	0	26	0	0	0
Otu00468	0	0	0	0	0	0	0	0	0	3	0	0	3	0	0	0	45	1	0	0
Otu00469	0	0	0	0	0	0	0	0	0	0	0	1	2	6	3	0	0	0	0	0
Otu00473	5	0	0	0	25	0	0	0	0	0	0	0	0	7	0	0	0	0	0	0
Otu00477	0	0	0	0	0	0	0	9	0	11	0	0	0	0	0	0	0	3	0	0
Otu00478	0	4	0	5	3	2	0	2	0	0	1	1	1	2	0	0	4	0	0	3
Otu00479	0	0	23	1	0	0	3	0	0	0	0	0	0	0	0	0	0	0	0	0
Otu00481	1	0	0	0	2	0	0	0	0	0	0	0	0	1	3	0	1	0	0	0
Otu00483	0	0	0	0	0	0	3	0	0	0	0	0	1	0	0	0	0	0	0	0
Otu00486	0	0	0	10	0	5	0	0	0	0	0	7	0	1	0	0	18	0	0	0
Otu00487	1	2	0	0	0	0	0	1	20	0	0	1	2	0	0	0	0	0	0	0
Otu00488	0	0	0	0	0	0	0	0	0	0	5	1	1	38	1	0	0	0	0	0
Otu00490	0	0	0	0	3	0	0	0	0	199	0	0	0	0	0	0	0	0	0	0
Otu00491	0	3	0	0	0	0	0	4	0	0	0	0	12	0	0	0	0	0	0	0
Otu00494	0	3	0	0	1	3	0	2	2	0	0	0	3	3	0	0	1	0	0	0
Otu00495	0	0	0	0	0	4	1	1	1	5	0	1	1	3	2	0	0	1	0	0
Otu00497	0	0	0	0	0	0	0	0	0	0	1	0	6	0	0	1	0	0	0	0
Otu00498	0	0	0	0	0	0	0	0	0	72	0	0	0	0	0	0	0	0	0	0
Otu00500	0	0	1	0	0	0	0	0	0	0	0	0	0	0	0	0	0	54	0	0
Otu00501	0	0	1	0	0	0	5	25	0	0	1	0	5	4	0	0	0	0	0	0
Otu00505	7	0	2	2	0	0	0	0	0	0	0	0	0	0	0	0	1	0	0	0
Otu00506	0	0	0	0	0	6	0	0	0	0	0	0	4	22	0	0	0	0	0	0
Otu00509	0	0	0	0	0	0	1	1	0	0	0	0	0	0	0	0	15	1	36	1
Otu00511	0	0	0	0	0	0	6	7	0	26	0	0	0	0	0	0	0	0	0	0
Otu00513	0	0	1	0	5	0	0	0	0	0	3	31	1	3	0	0	0	0	0	0
Otu00515	0	0	2	3	0	0	0	0	0	0	0	0	0	0	0	0	0	0	0	0
Otu00517	0	0	1	0	0	0	0	0	0	0	0	0	0	1	1	0	0	0	0	0
Otu00518	0	0	0	0	0	3	4	0	0	0	0	2	0	0	2	0	0	0	0	0
Otu00521	0	0	0	0	0	0	5	0	0	0	0	0	0	6	0	0	0	2	0	0
Otu00523	0	0	0	0	5	0	0	0	0	0	0	0	0	0	2	0	0	0	0	0
Otu00524	0	0	0	0	0	0	4	2	0	0	0	0	0	0	0	0	0	111	2	0
Otu00525	0	0	0	0	0	0	0	4	0	1	0	0	0	0	0	0	0	0	0	0
Otu00526	0	0	2	0	0	0	2	0	0	0	0	2	0	0	0	0	0	0	0	0
Otu00530	0	0	0	0	0	0	0	0	0	0	0	0	0	2	0	0	9	0	0	0
Otu00531	0	0	0	0	0	0	0	3	0	0	0	0	0	0	0	0	6	0	0	0
Otu00532	2	2	0	1	0	8	1	0	0	1	0	0	0	0	0	0	1	0	0	0
Otu00533	0	0	1	0	7	0	0	0	0	0	0	0	0	0	0	0	0	0	1	0
Otu00542	0	0	0	0	0	0	0	0	0	0	0	0	4	51	0	0	0	0	0	0
Otu00544	0	6	0	0	0	0	2	0	40	5	0	0	0	0	0	0	0	0	0	0
Otu00554	0	0	15	0	0	2	9	0	1	0	0	0	5	0	3	0	0	0	1	3
Otu00555	0	0	0	0	18	0	0	0	0	0	0	0	17	0	0	0	0	0	0	0
Otu00557	0	0	0	0	1	0	0	0	0	0	0	15	0	0	0	0	0	0	0	0
Otu00559	0	3	0	0	0	1	0	1	0	0	0	0	0	2	10	0	0	0	0	0
Otu00563	2	0	0	0	0	0	0	0	0	0	0	0	3	0	0	0	0	0	0	0
Otu00565	0	0	0	0	1	0	0	0	1	7	1	1	1	3	0	0	0	0	0	0
Otu00566	0	0	0	0	0	0	0	2	0	0	0	0	0	1	0	0	2	0	0	0
Otu00567	0	0	0	0	0	0	0	2	0	8	0	0	0	0	0	0	0	0	0	0
Otu00569	0	0	0	0	0	0	0	0	0	6	0	0	0	0	0	0	0	3	0	0
Otu00571	0	0	0	0	0	0	0	0	0	0	0	0	0	0	0	0	11	0	0	0
Otu00572	0	0	0	0	0	0	0	0	0	0	0	0	0	0	6	0	0	0	0	0
Otu00574	2	2	0	0	0	0	0	2	0	0	0	0	0	0	14	0	0	1	0	0
Otu00575	0	0	0	0	0	0	0	0	0	0	0	0	0	0	0	0	1	0	165	0
Otu00576	0	0	5	1	0	0	0	0	0	0	14	0	0	5	1	0	0	0	0	0
Otu00578	0	0	0	0	34	0	0	0	0	0	8	0	1	6	0	0	0	7	0	0
Otu00579	0	1	0	1	1	0	0	0	2	47	2	0	0	0	0	0	0	0	0	0
Otu00580	0	4	0	0	2	0	0	0	0	0	8	0	0	0	2	0	0	0	0	0
Otu00583	0	0	0	0	0	0	0	0	0	0	0	0	0	0	0	0	0	0	0	81
Otu00584	0	0	0	6	0	0	0	0	0	0	0	0	0	0	0	0	0	0	0	0
Otu00586	0	0	0	0	0	0	0	0	31	0	0	0	0	0	0	0	0	0	0	0
Otu00590	0	0	0	4	0	0	0	0	0	0	10	0	1	0	0	0	0	0	0	0
Otu00591	0	0	0	1	0	0	0	0	0	13	0	0	0	0	0	0	0	1	0	0
Otu00592	0	0	0	0	0	0	0	0	0	0	0	0	0	3	0	0	3	0	0	0
Otu00594	0	0	0	0	0	0	0	0	149	14	0	0	0	0	0	0	0	0	0	0
Otu00598	0	0	0	0	0	0	0	0	0	0	0	0	1	1	1	0	0	0	0	0
Otu00601	0	0	2	20	0	0	0	0	0	0	10	0	0	0	0	0	0	0	1	0
Otu00603	3	1	2	1	1	4	0	0	0	2	0	0	0	0	0	1	0	2	0	1
Otu00605	0	0	0	0	1	0	0	0	0	0	0	7	0	0	0	0	0	0	0	0
Otu00607	0	0	0	0	1	1	0	0	0	0	3	1	0	1	2	0	0	0	0	0
Otu00608	3	0	0	0	0	0	0	0	0	0	0	0	2	0	0	0	0	0	0	0
Otu00609	2	2	0	1	0	0	1	7	0	0	0	0	4	1	0	0	11	0	0	0
Otu00610	0	0	0	0	2	0	0	0	0	0	1	0	0	0	0	0	0	0	0	0
Otu00613	0	0	0	0	1	0	0	1	0	12	0	0	1	0	0	0	4	0	0	0
Otu00617	2	0	0	0	4	1	0	3	4	0	6	0	2	0	0	0	0	0	0	0
Otu00620	0	0	0	0	0	0	0	0	0	0	0	0	0	5	0	0	0	0	51	0
Otu00622	0	0	0	0	0	0	0	47	0	0	0	0	0	0	0	0	0	0	0	0
Otu00623	0	0	0	0	0	0	0	0	0	0	0	0	0	0	0	0	0	0	152	0
Otu00624	0	0	0	0	0	0	0	3	0	0	0	0	0	0	0	0	0	0	0	0
Otu00625	0	0	0	0	0	0	0	0	0	0	0	0	0	1	0	0	4	1	0	0
Otu00627	2	2	0	0	0	0	0	0	0	0	3	3	3	5	0	0	0	0	0	0
Otu00628	0	0	0	0	0	0	0	0	0	0	2	1	1	4	0	20	0	0	0	0
Otu00630	0	0	0	0	0	0	0	0	0	0	0	0	0	0	8	0	0	0	0	0
Otu00631	0	2	0	1	1	2	0	0	0	0	4	8	0	3	3	0	0	0	0	0
Otu00632	0	0	0	0	0	0	0	0	0	0	0	0	0	4	0	0	1	0	0	0
Otu00635	0	0	0	0	0	0	0	0	0	3	0	0	0	0	0	0	0	94	0	0
Otu00637	0	0	0	0	0	0	0	0	0	0	0	1	1	0	0	0	0	0	0	1
Otu00639	0	0	2	0	0	0	0	0	0	0	0	0	0	1	0	0	0	0	0	0
Otu00640	0	0	0	0	1	1	0	0	0	0	13	0	3	37	0	0	0	0	0	0
Otu00641	0	0	0	0	0	0	0	0	0	0	0	18	5	0	0	0	0	0	0	0
Otu00642	0	0	0	0	0	0	4	0	0	0	0	0	0	0	0	0	0	0	0	0
Otu00644	1	2	0	0	0	2	2	0	0	2	0	0	0	0	0	0	0	0	0	0
Otu00646	0	0	0	0	0	0	5	4	3	0	0	0	0	0	0	0	0	0	0	21
Otu00649	0	0	0	0	6	0	0	0	0	0	8	1	0	18	0	0	0	0	0	3
Otu00650	0	0	0	0	0	0	0	0	0	0	2	1	0	0	0	0	0	0	0	0
Otu00653	0	2	0	0	0	0	0	0	0	0	3	3	0	0	1	0	0	0	0	0
Otu00654	9	2	1	0	6	4	0	0	0	0	0	0	0	0	0	0	0	0	0	0
Otu00655	0	0	0	0	0	0	0	0	0	0	0	0	0	0	0	0	0	0	61	0
Otu00656	0	0	0	0	0	0	1	0	0	0	0	0	0	0	0	0	7	0	0	0
Otu00660	0	0	0	0	0	16	0	0	0	0	0	0	0	1	0	0	0	0	0	0
Otu00663	0	0	0	0	0	0	0	0	0	0	0	0	0	0	10	0	0	0	0	0
Otu00664	1	0	0	0	0	0	0	0	0	0	3	0	0	0	0	0	0	0	0	0
Otu00666	0	0	0	0	0	0	1	0	0	0	0	0	0	0	0	0	27	2	0	0
Otu00667	0	0	0	0	0	88	0	0	0	0	0	0	1	0	7	0	1	0	0	0
Otu00668	0	0	0	0	0	2	0	10	36	0	0	0	0	0	0	0	0	0	0	0
Otu00669	0	0	0	0	1	0	0	1	0	0	0	0	0	0	1	0	0	0	0	0
Otu00671	0	0	2	0	0	1	0	0	1	0	0	0	0	0	0	0	0	0	0	0
Otu00674	0	0	0	0	0	0	9	0	2	0	0	0	0	0	0	0	0	0	0	0
Otu00675	0	0	0	0	0	0	0	0	0	0	5	0	1	0	1	0	0	0	0	0
Otu00677	0	0	0	0	0	0	0	0	0	0	0	0	0	0	0	0	0	1	0	23
Otu00679	0	0	0	0	0	0	0	0	0	0	0	1	0	0	0	0	2	1	0	0
Otu00681	0	0	0	0	0	0	0	0	0	0	0	0	0	0	14	0	0	0	0	0
Otu00682	0	0	0	0	0	0	0	0	7	0	0	0	0	0	0	0	0	0	0	0
Otu00683	0	3	0	0	0	0	0	0	0	0	0	0	0	9	0	0	0	0	0	0
Otu00685	9	1	4	20	0	0	9	0	0	5	4	0	1	0	0	0	0	0	0	0
Otu00686	0	0	0	0	0	0	2	1	1	0	0	0	0	0	0	0	0	0	0	0
Otu00689	0	0	0	0	5	0	1	0	0	0	0	0	0	0	0	0	11	1	0	0
Otu00692	0	0	0	0	0	0	0	0	0	0	0	0	0	0	0	0	5	0	0	0
Otu00693	0	0	4	0	0	0	0	2	0	0	0	0	0	0	0	0	0	0	0	0
Otu00694	0	0	0	0	2	0	2	0	0	0	6	0	0	0	1	0	0	0	0	0
Otu00696	0	0	0	0	0	0	0	0	0	0	0	0	0	0	0	0	19	3	0	0
Otu00697	0	0	0	1	1	0	0	0	0	0	0	0	4	4	5	0	1	0	0	0
Otu00698	0	4	3	0	0	0	0	0	21	0	4	0	0	0	8	0	0	0	0	0
Otu00699	0	0	0	0	0	0	0	0	0	0	4	0	0	13	3	0	0	0	0	0
Otu00702	0	0	0	0	0	0	0	0	0	1	0	0	1	1	0	0	0	0	1	2
Otu00703	0	7	0	0	0	0	0	0	0	0	0	0	0	0	0	0	0	1	0	0
Otu00704	0	0	0	0	31	0	0	0	0	0	1	0	2	0	0	0	1	0	0	0
Otu00707	0	0	0	0	0	0	0	0	0	0	0	0	0	9	0	0	0	0	0	0
Otu00709	6	0	0	4	3	0	0	0	0	0	0	0	0	1	0	0	0	0	0	0
Otu00710	0	7	0	0	0	0	0	0	0	0	0	0	0	0	0	0	0	0	0	0
Otu00713	0	0	0	0	0	0	0	0	0	0	0	0	0	0	0	0	16	1	0	0
Otu00715	0	0	0	0	0	0	0	0	0	14	0	0	0	9	0	0	0	0	0	0
Otu00717	0	0	0	0	0	0	0	0	0	0	0	2	2	0	0	0	0	0	0	0
Otu00723	0	0	0	0	1	0	0	0	0	0	1	0	1	1	0	0	0	0	0	0
Otu00724	0	1	0	0	1	0	0	0	0	0	2	2	2	1	2	0	2	0	0	0
Otu00726	0	0	0	0	0	0	1	5	0	13	0	4	1	0	0	0	32	0	0	0
Otu00732	0	0	4	0	0	0	0	0	0	0	0	0	0	0	0	0	0	0	0	0
Otu00733	0	1	0	1	1	1	0	0	1	0	0	0	0	0	0	0	0	0	0	0
Otu00736	0	0	1	0	0	0	0	0	0	0	0	0	0	4	0	0	1	0	0	1
Otu00738	0	0	0	0	0	0	0	0	0	5	0	0	0	0	0	0	0	0	0	0
Otu00741	0	0	0	7	0	0	0	0	0	0	0	0	0	0	0	0	0	0	0	0
Otu00742	0	0	0	0	0	0	0	0	0	0	0	0	2	4	4	0	0	0	0	0
Otu00744	0	0	0	0	0	0	0	24	0	0	0	0	0	0	0	0	0	0	0	0
Otu00745	0	1	0	0	0	0	0	1	0	0	0	0	1	2	0	0	0	0	0	0
Otu00746	0	0	0	0	0	0	0	0	0	0	0	0	0	0	0	0	8	0	0	0
Otu00752	0	0	0	0	0	0	3	3	1	0	0	0	0	0	1	0	1	1	0	1
Otu00757	0	0	0	0	0	0	1	0	27	0	0	0	0	0	0	0	0	0	0	0
Otu00760	0	0	0	0	0	0	0	0	3	0	0	0	0	0	0	0	4	0	0	0
Otu00761	0	9	0	0	0	7	0	0	0	0	0	0	0	0	0	0	0	0	0	0
Otu00762	1	4	1	0	2	0	0	0	0	0	0	0	0	0	1	0	0	0	0	0
Otu00764	0	0	0	0	0	0	0	0	0	0	0	0	0	0	0	0	7	7	0	30
Otu00765	0	0	0	0	0	0	2	12	2	0	0	0	0	0	0	0	3	1	0	0
Otu00768	0	0	0	0	1	0	0	0	0	0	0	18	0	0	0	0	0	0	0	0
Otu00769	0	0	0	0	0	0	0	0	14	0	0	0	0	0	0	0	0	0	0	10
Otu00773	0	0	0	0	0	0	0	5	0	0	0	0	0	0	0	0	0	0	0	0
Otu00778	1	0	0	0	0	0	0	1	0	22	0	0	0	0	0	0	16	0	0	0
Otu00782	0	0	0	0	0	0	0	0	0	0	3	0	0	0	0	0	0	0	0	0
Otu00787	0	0	4	0	0	0	1	0	0	0	0	0	0	0	0	0	0	0	0	0
Otu00789	0	0	0	4	1	2	0	0	0	2	0	1	0	0	0	0	0	1	0	1
Otu00790	2	0	0	0	0	0	0	0	0	0	0	0	0	0	0	0	0	5	0	0
Otu00793	0	0	7	0	0	0	0	0	0	0	0	0	0	0	0	0	0	0	1	29
Otu00797	1	0	1	5	0	1	3	2	2	1	0	0	0	0	0	0	0	0	0	0
Otu00798	0	0	0	0	0	0	0	0	0	0	0	0	5	0	0	0	0	0	0	0
Otu00803	0	0	1	0	0	0	0	0	0	0	0	0	0	0	0	0	0	0	0	12
Otu00805	0	0	0	0	0	0	0	0	0	0	3	0	0	0	0	0	0	0	0	0
Otu00806	0	2	0	0	1	0	0	0	0	0	0	0	0	0	0	0	0	0	0	0
Otu00809	2	0	0	0	0	0	0	0	0	0	0	0	0	0	0	0	0	0	0	1
Otu00810	3	0	0	0	0	1	1	1	2	0	5	1	1	0	1	0	0	0	0	0
Otu00815	0	0	0	0	0	2	0	0	0	2	0	0	0	0	0	0	0	1	0	0
Otu00816	0	0	0	0	0	13	0	0	0	0	6	0	3	0	0	0	0	0	0	0
Otu00823	0	0	0	0	0	0	0	8	4	0	0	0	0	0	0	0	0	0	0	0
Otu00824	0	3	0	0	0	13	0	0	0	0	0	0	0	0	0	0	0	0	0	0
Otu00827	0	0	0	0	0	3	0	0	0	0	4	0	0	0	0	0	0	0	0	0
Otu00828	0	0	0	1	2	0	0	0	0	0	1	0	1	3	0	0	0	0	0	0
Otu00832	0	0	0	0	0	0	0	0	0	0	0	0	0	0	0	0	0	0	0	17
Otu00834	0	0	0	0	0	0	0	7	0	0	0	1	0	0	0	0	0	0	0	0
Otu00835	0	1	0	1	0	0	0	0	0	0	0	0	0	2	0	0	0	0	0	0
Otu00837	0	7	0	1	0	0	0	0	0	0	0	0	2	0	0	0	0	0	0	0
Otu00839	0	0	0	0	0	0	0	0	0	0	4	0	0	0	0	0	0	0	0	0
Otu00840	0	0	0	0	0	0	0	0	0	0	0	0	0	1	0	0	2	0	0	0
Otu00841	0	0	2	0	0	0	0	0	1	1	0	0	0	3	0	0	0	0	0	0
Otu00842	0	0	0	0	0	0	0	0	0	0	3	0	0	0	0	0	3	0	0	6
Otu00845	0	0	0	0	0	0	0	0	0	0	9	0	0	0	0	0	0	0	0	0
Otu00846	0	0	0	1	0	0	0	1	0	0	2	1	0	0	0	0	0	0	0	0
Otu00848	0	0	0	0	0	0	0	0	0	0	0	0	0	0	0	0	11	0	0	0
Otu00849	0	0	0	0	0	0	0	0	0	0	0	0	0	0	0	0	5	7	0	0
Otu00850	0	0	0	0	0	0	0	0	0	0	0	0	0	0	0	0	0	3	0	0
Otu00851	0	4	0	0	1	0	0	0	0	0	0	0	0	10	0	0	0	0	0	0
Otu00857	0	0	2	0	0	0	0	0	0	0	0	0	0	0	2	0	0	0	0	0
Otu00858	0	0	9	1	0	0	0	1	1	1	0	0	0	0	1	0	0	0	0	0
Otu00862	0	0	0	0	0	0	0	0	0	0	4	0	0	0	0	0	0	0	0	0
Otu00873	0	0	0	0	0	3	0	0	0	0	0	0	0	0	0	0	0	0	0	0
Otu00874	0	3	0	0	0	2	0	0	0	0	0	10	0	3	1	0	0	0	0	0
Otu00879	0	0	0	0	0	0	0	0	0	0	3	0	0	0	0	0	0	0	0	0
Otu00884	0	0	0	0	0	0	0	0	0	0	0	0	0	0	0	0	15	0	0	0
Otu00887	1	2	0	1	0	2	2	0	0	0	0	0	0	0	0	0	0	0	0	0
Otu00891	0	0	0	0	0	7	0	0	0	0	0	0	0	0	0	0	0	0	0	0
Otu00892	0	0	0	0	1	0	0	0	0	0	1	0	0	1	0	0	0	0	0	0
Otu00894	0	0	0	0	0	0	0	0	0	0	0	0	0	0	0	0	0	0	71	0
Otu00897	0	5	0	0	0	0	0	0	0	0	0	0	0	4	1	0	0	0	0	0
Otu00899	0	0	0	0	0	0	0	0	0	0	0	0	0	0	16	0	0	0	0	0
Otu00905	0	0	0	0	0	0	1	5	2	5	0	0	0	0	0	0	0	0	0	1
Otu00906	0	0	0	0	2	1	0	0	0	0	0	2	0	6	0	0	0	0	0	0
Otu00909	2	0	0	0	0	0	0	0	0	0	0	0	9	0	0	0	0	0	0	0
Otu00913	0	0	0	0	0	0	2	0	0	0	0	0	0	0	0	0	0	0	11	0
Otu00922	0	0	0	0	0	0	0	0	0	0	0	0	0	0	0	0	1	4	0	0
Otu00923	0	0	0	0	0	0	0	1	0	0	0	0	0	0	0	0	0	4	0	0
Otu00925	0	0	0	0	0	0	0	0	0	0	7	0	0	10	0	0	0	0	0	0
Otu00930	0	0	0	0	0	0	0	1	0	0	0	0	0	3	0	0	0	3	0	0
Otu00931	0	0	0	0	4	0	0	0	0	0	0	0	0	0	0	0	0	0	0	0
Otu00935	0	0	0	0	0	0	0	0	0	0	0	0	0	0	0	0	3	3	0	0
Otu00939	0	0	0	0	0	0	1	0	0	0	0	0	0	1	0	0	0	5	0	0
Otu00940	0	0	0	0	0	0	0	0	0	0	0	0	0	28	0	0	0	0	0	0
Otu00941	0	0	0	0	0	0	1	0	2	2	0	0	0	0	0	0	0	4	0	0
Otu00945	0	0	0	0	0	0	0	0	0	7	0	0	0	0	0	0	0	0	0	0
Otu00947	0	0	0	0	0	0	0	0	0	0	0	0	0	1	2	0	0	0	0	0
Otu00949	0	1	0	0	0	0	0	2	1	0	0	0	0	0	0	0	0	0	0	0
Otu00954	0	0	0	0	1	0	0	0	0	0	0	10	0	0	0	0	0	0	0	0
Otu00957	0	0	0	0	0	4	0	0	0	0	0	0	0	0	0	0	0	0	0	0
Otu00960	0	0	0	0	0	3	0	0	0	0	2	0	0	0	0	0	0	0	0	0
Otu00961	0	0	0	0	0	0	0	1	0	0	0	2	0	0	0	0	0	0	0	0
Otu00966	0	0	0	0	1	0	0	1	0	1	0	1	0	1	0	0	0	0	0	0
Otu00974	0	0	0	0	0	0	0	0	0	0	0	0	5	0	0	0	0	0	0	0
Otu00975	0	0	0	0	0	0	0	0	0	0	0	15	0	0	0	0	0	0	0	0
Otu00976	0	0	0	1	0	0	0	0	0	0	0	0	0	0	3	0	0	0	0	0
Otu00986	1	0	0	0	0	0	0	0	0	0	0	0	0	3	0	0	0	0	0	0
Otu00992	1	2	0	0	0	2	0	0	0	1	0	1	0	0	1	0	0	0	0	0
Otu00994	0	13	4	0	6	0	0	0	0	0	0	0	1	1	0	0	0	0	0	0
Otu00995	0	0	0	0	0	0	0	0	0	0	0	0	0	19	0	0	0	0	0	0
Otu00999	0	0	0	0	0	0	0	0	0	0	0	4	0	0	0	0	0	0	0	0
Otu01001	0	0	11	1	0	0	0	0	0	0	0	0	0	0	4	0	0	0	0	0
Otu01003	0	0	0	0	1	0	0	0	0	0	0	0	4	0	0	0	0	0	0	0
Otu01005	0	0	0	0	1	0	0	0	0	0	0	0	1	0	0	0	1	0	0	0
Otu01014	0	4	0	0	1	0	0	0	0	0	0	0	1	0	0	0	0	0	0	0
Otu01015	0	1	0	0	0	0	0	0	0	0	1	0	1	0	0	0	0	0	0	0
Otu01016	1	3	0	2	2	0	2	0	0	1	0	0	0	1	0	0	0	0	0	0
Otu01018	0	0	0	0	0	5	0	0	0	0	0	0	0	0	0	0	0	0	0	0
Otu01020	0	0	0	0	0	0	0	0	4	0	0	0	0	0	0	0	0	0	0	0
Otu01021	0	0	0	0	0	0	0	0	0	0	1	0	0	0	0	0	24	0	0	0
Otu01022	0	0	0	0	0	0	0	0	0	0	0	1	0	18	0	0	0	0	0	0
Otu01027	0	0	0	0	0	0	0	0	0	0	0	0	0	0	0	0	0	0	0	55
Otu01030	0	0	0	0	0	5	0	0	0	0	0	0	5	0	0	0	0	0	0	0
Otu01037	0	0	0	0	0	0	0	0	0	1	0	0	0	0	0	0	3	0	0	0
Otu01039	0	0	0	0	0	0	0	0	8	0	0	0	2	0	0	0	0	0	0	0
Otu01041	0	0	0	0	0	0	0	1	0	1	0	0	0	0	0	0	4	0	0	0
Otu01043	9	0	5	0	0	0	0	0	0	0	0	0	0	0	20	0	0	0	0	0
Otu01044	0	0	0	0	0	0	2	0	0	0	0	0	1	0	0	0	0	0	0	0
Otu01046	0	1	1	0	0	0	0	0	0	0	0	0	0	2	0	1	0	0	0	0
Otu01056	0	0	0	0	0	0	0	0	0	0	0	0	0	0	0	0	9	0	0	0
Otu01059	0	0	0	0	0	0	0	0	0	0	0	0	0	0	0	0	0	0	0	5
Otu01061	0	0	0	4	0	0	1	0	0	0	0	0	0	0	0	0	0	0	0	0
Otu01062	0	0	0	0	0	0	0	0	0	0	0	0	2	0	0	0	2	0	0	0
Otu01073	0	0	0	0	0	0	0	0	0	0	0	0	0	0	0	0	3	3	0	0
Otu01074	0	0	0	0	0	0	0	0	0	0	0	0	0	0	0	42	0	0	0	0
Otu01075	0	0	1	0	0	0	0	0	0	0	0	0	0	2	0	0	0	0	0	0
Otu01076	0	0	0	0	0	0	1	0	0	0	0	0	0	0	5	0	2	0	0	0
Otu01079	0	0	0	0	0	0	0	0	0	0	3	0	5	0	0	0	0	0	0	0
Otu01083	0	0	0	0	0	0	0	0	0	0	4	1	0	2	2	0	0	0	0	0
Otu01084	0	0	0	3	0	0	0	0	0	0	2	0	0	0	0	0	0	0	0	0
Otu01092	0	1	0	0	1	0	0	1	0	0	0	0	0	0	0	0	0	0	0	0
Otu01094	0	0	0	0	0	0	1	0	0	0	0	1	0	0	0	0	0	4	0	0
Otu01096	0	0	0	0	0	0	0	0	0	0	0	0	0	6	0	0	0	0	0	0
Otu01102	0	1	0	0	2	0	0	0	0	0	0	1	0	0	0	0	0	0	0	0
Otu01103	0	0	0	0	0	0	49	0	0	0	0	0	0	0	0	0	0	0	0	0
Otu01112	0	0	0	0	0	10	0	0	0	0	0	0	0	0	0	0	0	0	0	0
Otu01115	0	0	0	0	0	0	0	0	12	0	0	0	0	0	0	0	0	0	0	0
Otu01120	2	0	2	0	1	0	0	0	0	0	0	0	0	0	0	0	0	0	0	0
Otu01121	0	0	0	0	0	0	0	0	0	0	0	0	1	0	0	0	3	0	0	0
Otu01123	0	0	0	0	1	2	0	0	0	1	0	1	0	0	1	0	1	0	0	0
Otu01125	0	0	0	0	0	0	0	0	0	0	0	0	0	0	0	0	0	0	10	0
Otu01126	0	0	3	0	0	0	0	0	0	0	0	0	0	2	0	0	0	0	0	0
Otu01132	0	0	0	0	0	0	0	0	0	0	0	0	0	0	0	0	7	6	0	0
Otu01135	0	0	0	0	1	0	0	2	0	0	0	0	0	0	0	0	0	0	0	0
Otu01147	0	0	0	0	0	0	0	0	0	1	1	0	0	1	0	0	1	1	0	0
Otu01152	0	3	0	0	0	0	0	1	0	0	0	0	0	0	0	0	0	0	0	0
Otu01161	0	0	0	0	0	0	0	0	0	0	0	0	0	0	0	0	0	0	0	36
Otu01166	0	1	0	0	0	0	0	0	0	0	0	1	1	1	0	0	0	0	0	1
Otu01167	0	0	0	0	0	0	0	0	0	0	0	0	0	0	0	0	0	0	0	32
Otu01183	0	0	6	0	0	0	0	0	0	0	0	0	0	0	0	0	0	0	0	0
Otu01188	0	0	0	0	2	0	0	0	0	0	2	0	0	2	0	0	0	0	0	0
Otu01189	0	0	0	0	0	0	0	0	16	0	0	0	0	0	0	0	0	0	0	0
Otu01192	0	0	0	1	0	0	0	0	0	0	0	0	0	9	0	0	0	0	0	0
Otu01198	0	0	0	0	2	0	0	0	0	0	0	0	0	1	0	0	0	0	0	0
Otu01200	0	0	0	0	0	0	0	0	0	0	0	0	0	12	0	0	0	0	0	0
Otu01211	0	1	0	0	0	0	0	0	0	0	1	0	1	2	1	0	0	0	0	0
Otu01214	0	0	0	0	0	0	0	5	0	0	0	0	0	0	0	0	0	0	0	0
Otu01215	0	0	0	0	0	6	0	0	0	0	0	0	0	0	0	0	0	0	0	0
Otu01230	0	0	0	0	0	0	0	0	0	0	0	0	0	0	0	0	0	0	0	29
Otu01231	0	0	0	0	0	0	0	1	0	0	0	0	0	0	0	1	0	1	3	0
Otu01232	0	0	0	0	2	0	0	0	0	0	1	0	1	0	0	0	0	0	0	0
Otu01239	0	0	0	0	0	0	0	0	0	0	0	0	0	0	0	0	0	0	34	0
Otu01254	0	0	0	0	0	0	0	24	0	0	0	0	0	0	0	0	0	0	0	0
Otu01255	0	2	0	0	0	0	0	7	0	0	0	0	0	0	0	0	0	0	0	0
Otu01257	0	0	0	0	0	0	0	7	0	0	0	0	0	0	0	0	1	0	0	0
Otu01258	0	0	0	0	0	0	0	0	0	2	0	0	0	0	0	1	0	0	0	0
Otu01261	0	2	0	0	4	0	6	0	3	0	0	1	0	0	0	0	0	0	0	0
Otu01271	0	0	0	0	0	0	0	0	0	0	0	0	0	26	0	0	0	0	0	0
Otu01279	0	0	0	0	0	0	0	0	0	0	0	5	0	0	0	0	0	0	0	0
Otu01286	0	0	0	0	0	0	0	0	0	0	2	0	1	0	0	0	0	0	0	0
Otu01288	0	0	0	0	0	0	0	0	0	0	1	0	0	0	3	0	0	0	0	0
Otu01289	0	0	0	0	3	0	0	0	0	0	0	0	0	1	0	0	0	0	0	0
Otu01295	0	0	0	0	0	18	0	0	0	0	0	0	0	0	0	0	0	0	0	0
Otu01299	0	0	0	0	0	0	0	0	0	0	3	0	0	0	0	0	6	0	0	0
Otu01307	0	0	0	0	0	0	0	0	0	3	0	0	0	0	0	0	0	4	0	0
Otu01310	0	0	0	0	0	0	2	0	0	0	0	0	0	0	0	0	4	1	0	2
Otu01320	0	0	0	0	0	0	1	0	0	1	1	0	0	0	0	0	0	0	0	0
Otu01326	0	0	0	0	0	0	0	0	0	0	0	0	0	0	0	0	9	3	0	0
Otu01329	0	0	0	0	0	10	0	0	0	0	0	0	0	0	0	0	0	0	0	0
Otu01331	0	0	0	0	0	0	0	0	0	0	0	0	3	0	0	0	0	0	0	0
Otu01334	0	0	0	0	0	0	0	0	0	0	0	0	0	4	0	0	0	0	0	0
Otu01338	0	0	0	0	0	0	0	0	0	0	0	9	0	0	0	0	0	0	0	0
Otu01339	0	0	0	0	0	0	0	0	0	11	0	0	0	0	0	0	0	0	0	0
Otu01340	0	0	0	0	0	0	0	0	0	0	0	23	0	0	0	0	0	0	1	0
Otu01344	0	0	0	0	1	1	0	0	0	0	0	0	0	2	0	0	0	0	0	0
Otu01346	0	0	0	0	0	0	1	0	3	0	0	0	0	0	0	0	0	0	0	0
Otu01348	0	0	0	0	0	0	0	0	0	0	0	0	0	33	0	0	0	0	0	0
Otu01351	0	0	0	0	0	0	0	0	0	0	0	0	0	10	0	0	0	0	0	0
Otu01353	0	0	0	0	0	0	0	0	0	7	0	0	0	0	0	0	0	0	0	0
Otu01354	0	0	0	0	0	0	0	0	0	0	0	0	0	19	0	0	0	0	0	0
Otu01360	0	3	0	0	1	0	0	0	0	0	0	0	0	0	0	0	0	0	0	0
Otu01364	0	0	0	0	0	0	0	0	0	0	2	0	0	1	0	0	0	0	0	0
Otu01369	0	2	0	0	1	0	0	0	0	0	0	0	1	0	0	0	0	0	0	0
Otu01380	4	0	0	0	0	0	0	0	0	0	0	0	2	0	0	0	0	0	0	0
Otu01384	0	4	0	0	0	0	0	0	0	0	0	0	0	0	0	0	0	0	0	0
Otu01386	0	0	0	0	0	0	8	0	0	0	0	0	0	0	0	0	0	0	0	0
Otu01390	0	7	0	0	0	0	0	0	0	0	0	0	1	0	0	0	0	0	0	0
Otu01396	0	0	0	0	0	0	0	0	0	0	0	0	0	0	0	0	0	3	0	0
Otu01397	12	0	0	0	0	0	0	0	0	0	0	0	0	0	0	0	0	0	0	0
Otu01399	0	0	3	0	0	0	0	0	0	0	0	0	0	0	0	0	0	0	0	0
Otu01405	0	0	0	0	0	0	2	1	0	0	0	1	0	0	0	0	0	0	1	0
Otu01407	0	0	0	0	0	0	0	0	0	0	0	0	2	0	0	0	1	1	0	0
Otu01409	0	0	0	0	0	0	0	0	0	0	0	0	0	0	0	0	0	0	0	31
Otu01412	0	0	0	0	0	0	0	0	0	0	0	0	4	0	0	0	0	0	0	0
Otu01414	0	0	2	0	0	0	2	0	0	0	0	0	0	0	0	0	0	1	0	0
Otu01418	0	0	0	0	0	3	0	0	0	0	0	0	0	7	0	0	0	0	0	0
Otu01430	0	0	0	0	0	0	0	0	0	0	3	0	0	0	0	0	0	0	0	0
Otu01431	0	0	0	0	0	0	0	0	0	0	0	0	0	0	0	0	0	2	1	0
Otu01433	0	0	0	0	0	1	0	1	1	0	0	0	0	0	1	0	0	0	0	1
Otu01435	1	0	0	0	0	2	0	0	0	0	0	1	0	0	0	0	0	0	0	0
Otu01447	0	0	0	0	0	0	0	0	0	0	0	0	0	0	0	0	0	0	0	27
Otu01458	0	0	0	0	0	0	0	1	0	0	0	0	0	0	0	0	19	0	0	0
Otu01460	0	0	0	0	0	0	0	0	0	0	0	0	0	16	0	0	0	0	0	0
Otu01461	27	0	0	0	0	0	0	0	0	0	0	0	0	0	0	0	0	0	0	0
Otu01463	2	0	1	0	1	0	0	1	0	0	0	0	0	0	0	1	0	0	0	3
Otu01472	0	0	0	0	0	0	0	0	0	0	0	0	1	0	0	0	0	0	2	0
Otu01474	0	0	0	0	0	0	0	0	0	0	0	0	0	0	0	0	24	0	0	0
Otu01481	1	0	0	0	1	2	0	0	0	0	0	0	0	0	0	0	0	0	0	0
Otu01482	0	0	0	0	0	0	0	0	0	0	0	0	0	3	2	0	0	0	0	0
Otu01483	0	0	0	0	0	0	0	0	0	3	0	0	0	0	0	0	0	2	0	0
Otu01492	0	0	0	0	0	0	0	0	0	0	0	0	0	0	0	0	9	0	0	0
Otu01497	0	0	0	0	0	0	0	0	0	0	0	0	0	0	10	0	0	0	0	0
Otu01498	0	0	0	0	0	2	0	0	0	0	0	0	1	0	0	0	0	0	0	0
Otu01502	0	4	0	0	4	0	0	0	0	0	5	0	0	0	0	0	0	0	0	0
Otu01505	0	0	0	0	0	0	0	0	0	0	0	0	0	0	10	0	0	0	0	0
Otu01510	0	0	0	0	1	1	0	0	1	0	0	0	0	0	0	0	0	0	0	0
Otu01513	0	0	0	0	3	0	0	0	0	0	0	0	0	0	0	0	1	7	0	0
Otu01523	1	2	0	0	0	0	0	0	0	0	0	0	1	1	0	0	0	0	0	0
Otu01524	0	9	0	0	0	3	0	0	0	0	3	0	1	0	0	0	0	0	0	0
Otu01525	0	6	0	0	0	0	0	0	0	0	0	0	0	0	0	0	0	0	0	0
Otu01528	0	1	0	0	0	0	0	0	0	0	1	0	1	1	0	0	0	0	0	0
Otu01530	0	0	0	0	0	0	0	0	0	0	0	0	4	0	0	0	0	0	0	0
Otu01542	0	0	0	0	0	0	0	6	0	0	0	0	0	0	0	0	0	1	0	0
Otu01544	0	1	0	0	0	0	0	0	0	11	0	0	0	0	0	0	0	0	0	0
Otu01547	0	0	0	0	0	4	0	0	0	0	0	2	0	0	0	0	0	0	0	0
Otu01552	0	0	0	0	0	0	0	0	0	25	0	0	0	0	0	0	0	0	0	0
Otu01554	0	0	0	0	0	0	1	0	0	0	0	0	0	0	0	0	0	0	2	0
Otu01557	0	0	0	0	0	0	0	0	0	0	0	0	0	0	0	0	0	0	0	25
Otu01558	3	0	0	0	2	0	0	0	0	0	0	0	0	0	0	0	0	0	0	0
Otu01561	9	0	0	0	0	0	0	0	0	0	0	0	0	0	0	0	0	0	0	0
Otu01574	0	0	0	0	0	0	0	0	0	0	3	0	0	2	20	0	0	0	0	0
Otu01581	0	14	0	0	0	0	0	0	0	0	0	0	0	0	0	0	0	0	0	0
Otu01582	0	0	0	0	0	0	0	0	0	0	0	0	0	0	0	0	0	0	3	0
Otu01585	0	1	0	0	0	0	0	0	0	0	0	0	0	1	1	2	0	0	0	0
Otu01591	0	0	0	0	0	0	0	0	0	0	0	0	5	0	3	0	0	0	0	0
Otu01600	0	0	0	0	7	0	0	0	0	0	13	0	0	0	0	0	0	0	0	0
Otu01616	0	0	0	0	1	0	0	1	0	0	0	0	0	1	0	0	0	0	0	0
Otu01617	0	0	1	4	0	0	0	0	0	0	0	0	0	6	0	0	0	0	0	0
Otu01622	0	0	0	0	0	0	0	0	0	0	0	0	0	0	14	0	0	0	0	0
Otu01626	0	0	0	0	0	0	0	0	9	0	0	0	0	0	0	0	0	0	0	0
Otu01632	0	0	0	0	0	0	0	0	0	0	0	0	1	0	0	0	0	0	8	0
Otu01635	0	0	0	0	0	0	0	0	0	0	2	0	0	0	0	2	0	0	0	0
Otu01639	0	1	0	0	0	0	0	0	0	0	0	1	0	1	0	0	0	0	0	0
Otu01643	0	0	0	0	0	0	0	0	0	0	0	0	0	21	0	0	0	0	0	0
Otu01646	0	0	0	0	1	1	0	0	0	0	0	0	0	1	0	0	0	0	0	0
Otu01649	0	1	0	0	0	0	0	3	0	0	0	0	0	0	0	0	0	0	0	0
Otu01657	0	0	0	0	0	0	5	1	3	0	0	0	0	0	0	0	0	0	0	0
Otu01662	0	0	0	0	0	0	0	0	0	0	2	2	0	0	0	0	0	0	0	0
Otu01667	0	14	0	0	0	0	0	0	0	0	0	0	0	0	0	0	0	0	0	0
Otu01676	0	0	0	0	0	0	0	0	0	0	0	3	0	0	5	0	0	0	0	0
Otu01678	0	0	0	0	0	0	0	0	0	0	0	0	0	0	0	0	0	3	0	0
Otu01685	0	0	0	0	0	0	0	4	0	0	0	0	0	0	0	0	0	0	0	0
Otu01692	1	0	0	1	0	0	0	0	0	0	0	0	0	0	0	0	1	0	0	0
Otu01699	0	0	0	0	0	22	0	0	0	0	0	0	0	0	0	0	0	0	0	0
Otu01711	3	1	0	0	0	0	0	0	0	0	0	0	0	0	0	0	0	0	0	0
Otu01718	0	0	0	0	0	3	0	0	0	0	0	0	0	0	0	0	0	0	0	0
Otu01719	0	0	0	0	0	0	0	0	0	6	0	0	0	0	0	0	0	0	0	0
Otu01730	0	0	0	0	0	0	0	0	0	0	0	1	0	4	0	0	0	0	0	0
Otu01732	0	0	0	0	0	0	2	0	0	0	0	0	1	0	0	0	0	0	0	0
Otu01737	0	0	0	0	0	0	0	0	0	0	0	0	0	0	0	0	7	0	0	0
Otu01738	0	0	0	0	0	4	0	0	0	0	0	0	0	0	0	0	0	0	0	0
Otu01739	0	0	0	0	0	0	0	0	0	0	0	0	0	21	0	0	0	0	0	0
Otu01740	0	0	0	0	0	0	0	0	0	3	0	0	0	0	0	0	0	0	0	0
Otu01744	0	0	0	0	0	0	0	0	0	0	0	0	8	0	0	0	0	0	0	0
Otu01745	0	0	0	0	0	0	0	0	0	0	0	0	0	0	0	0	7	0	0	0
Otu01747	0	0	3	0	0	0	0	0	0	0	0	0	0	3	0	0	0	0	0	0
Otu01750	0	0	0	0	0	0	3	0	0	0	0	0	0	0	0	0	0	0	0	0
Otu01751	0	0	0	0	0	0	0	5	0	1	0	0	0	0	0	0	0	1	0	0
Otu01752	0	0	0	0	0	0	0	1	1	0	0	0	0	0	0	1	0	0	0	0
Otu01753	0	1	0	0	0	0	0	0	0	10	0	0	0	0	0	0	0	0	0	0
Otu01756	2	0	0	0	1	1	0	0	0	0	0	0	0	0	0	0	0	0	0	0
Otu01774	0	0	0	0	0	0	0	0	0	0	0	0	0	10	0	0	0	0	0	0
Otu01782	0	17	0	0	0	0	0	0	0	0	0	0	0	0	0	0	0	1	0	0
Otu01783	0	0	0	0	2	0	0	0	0	0	1	0	0	0	0	0	0	0	0	0
Otu01793	0	0	0	0	0	0	0	0	16	0	0	0	0	0	0	0	0	0	0	0
Otu01795	0	0	0	0	0	0	0	0	0	0	0	0	0	0	0	0	12	0	0	0
Otu01797	0	0	0	0	0	0	0	8	0	0	0	0	0	0	0	0	0	0	0	0
Otu01799	0	1	0	0	0	0	0	0	0	0	0	0	0	0	0	0	0	0	2	0
Otu01807	0	0	1	2	0	0	0	0	0	0	0	0	0	0	1	0	0	0	0	0
Otu01829	0	1	0	0	0	0	0	1	0	0	0	0	0	0	0	0	2	1	0	0
Otu01833	0	0	4	0	0	0	0	0	0	0	0	0	0	0	0	0	0	0	0	0
Otu01843	0	0	0	0	0	0	0	0	0	0	0	0	1	8	0	0	0	0	0	0
Otu01846	0	0	0	0	0	0	0	0	0	0	0	2	1	0	0	0	0	0	0	0
Otu01852	0	0	0	0	0	0	0	0	0	0	0	0	0	4	0	0	0	0	0	0
Otu01869	0	0	0	0	0	0	0	0	0	0	0	0	0	0	0	18	0	0	0	0
Otu01871	0	0	0	0	0	0	0	0	0	0	0	0	4	0	0	0	0	0	0	0
Otu01874	0	0	0	0	0	0	0	0	0	0	0	3	0	0	0	0	0	0	0	0
Otu01884	0	0	0	0	0	0	0	0	0	0	0	0	0	7	0	0	0	0	0	0
Otu01892	0	0	0	2	0	0	1	0	0	0	0	0	0	0	0	0	0	0	0	0
Otu01895	0	0	0	0	0	0	0	0	0	0	0	0	15	0	0	0	0	0	0	0
Otu01906	0	0	0	0	0	0	0	0	0	0	0	3	0	0	0	0	0	0	0	0
Otu01916	4	0	0	0	0	0	0	0	0	0	0	0	0	0	0	0	0	0	0	0
Otu01924	0	0	0	0	2	5	0	0	0	0	0	0	0	0	0	0	0	0	0	0
Otu01925	0	0	0	0	0	0	0	0	0	0	0	0	0	0	0	0	2	1	0	0
Otu01932	0	0	0	0	0	0	0	0	0	0	0	0	0	0	5	0	0	0	0	0
Otu01933	7	0	0	0	0	0	0	0	0	0	0	0	0	0	0	0	0	0	0	0
Otu01949	0	0	0	0	0	0	0	0	0	0	0	0	0	0	5	0	0	0	0	0
Otu01961	0	0	0	0	0	0	0	0	0	0	0	0	0	1	2	0	0	0	0	0
Otu01971	0	0	0	0	0	0	0	0	0	0	0	0	0	5	0	0	0	0	0	0
Otu01972	0	0	0	0	0	0	0	2	0	0	0	0	0	0	0	0	0	2	0	0
Otu01978	0	0	0	0	0	0	0	0	0	0	6	0	0	0	0	0	0	0	0	0
Otu01980	0	0	0	0	0	0	9	0	0	0	0	0	0	0	0	0	0	0	0	0
Otu01989	0	0	0	0	0	4	0	0	0	0	0	0	2	0	0	0	0	0	0	0
Otu02006	0	0	0	0	4	0	0	0	0	0	0	0	0	0	0	0	0	0	0	0
Otu02012	0	0	0	0	0	0	8	0	0	0	0	0	0	0	0	0	0	0	0	0
Otu02013	0	0	0	0	0	0	0	0	0	0	0	0	0	0	0	15	0	0	0	0
Otu02016	0	0	0	0	0	0	0	0	0	0	0	0	0	0	0	0	0	0	3	0
Otu02022	0	0	2	0	0	0	1	0	0	0	0	0	1	1	0	0	0	0	0	2
Otu02026	0	0	0	2	0	0	0	2	1	0	0	0	0	0	0	0	0	0	0	0
Otu02048	0	0	0	0	0	0	0	1	0	0	0	0	1	0	0	0	3	0	0	0
Otu02060	0	0	0	0	0	0	0	0	2	1	0	0	0	0	0	0	0	0	0	0
Otu02061	0	0	0	0	0	0	0	0	3	0	0	0	0	0	0	0	0	0	0	0
Otu02071	0	0	0	0	0	0	0	0	0	0	0	0	0	0	0	0	0	14	0	0
Otu02081	0	0	0	0	0	0	0	0	0	0	0	0	0	0	0	0	4	0	0	0
Otu02086	0	0	0	0	0	0	0	0	0	0	0	0	0	3	0	0	0	0	0	0
Otu02087	0	0	0	0	0	0	0	0	0	1	0	0	0	0	0	0	2	0	0	0
Otu02089	0	0	0	0	0	6	0	0	0	0	6	0	0	0	0	0	0	0	0	0
Otu02095	0	0	0	0	0	0	0	0	0	0	5	0	0	0	0	0	0	0	0	0
Otu02098	0	0	0	0	0	0	0	0	0	0	0	0	0	0	0	0	7	0	0	0
Otu02103	0	0	0	0	0	0	0	0	0	0	0	0	0	14	0	0	0	0	0	0
Otu02109	0	0	2	1	0	0	0	0	0	0	0	0	0	0	0	0	0	0	0	0
Otu02125	0	0	2	0	0	0	0	0	0	1	0	0	0	0	0	0	0	0	0	3
Otu02129	0	0	1	0	0	7	0	0	0	0	0	0	0	0	0	0	0	0	0	0
Otu02146	0	0	0	0	0	0	0	1	0	2	0	0	0	0	0	0	0	0	0	0
Otu02147	0	0	2	0	0	0	0	0	0	0	0	0	11	0	0	0	0	0	0	0
Otu02153	0	0	0	0	0	0	0	0	0	0	0	0	13	0	0	0	0	0	0	0
Otu02157	0	0	0	0	0	3	0	0	0	0	0	0	0	0	0	0	0	0	0	0
Otu02160	0	0	0	0	0	0	0	0	0	0	0	0	0	0	0	0	11	0	0	0
Otu02193	0	0	0	0	0	0	0	1	0	2	0	0	0	0	0	0	0	0	0	0
Otu02195	0	0	0	0	0	1	0	0	0	0	0	0	1	0	1	0	0	0	0	0
Otu02204	0	0	0	0	0	0	0	0	0	11	0	0	0	0	0	0	0	0	0	0
Otu02215	0	0	0	0	0	0	0	0	0	0	0	0	0	0	0	0	13	0	0	0
Otu02219	0	0	0	0	0	0	0	0	0	0	0	0	0	7	0	0	0	0	0	0
Otu02236	0	0	1	0	0	0	0	0	0	0	0	2	0	0	0	0	0	0	0	0
Otu02253	0	0	0	0	0	0	0	0	0	0	0	0	0	0	0	0	0	0	5	0
Otu02287	0	0	0	0	0	0	0	0	0	3	0	0	0	0	0	0	0	0	0	0
Otu02292	1	0	1	0	2	0	0	0	0	0	0	0	0	0	0	0	0	0	0	0
Otu02301	3	0	0	0	0	0	0	0	0	0	0	0	0	0	0	0	0	0	0	0
Otu02306	0	0	0	0	0	0	0	0	0	11	0	0	0	0	0	0	0	0	0	0
Otu02316	0	0	0	0	0	0	0	0	0	0	0	0	0	7	0	0	0	0	0	0
Otu02319	0	0	0	0	0	0	0	0	0	0	0	0	4	4	0	0	0	0	0	0
Otu02335	0	0	0	0	0	0	0	0	0	0	0	0	0	1	1	0	1	0	0	0
Otu02337	0	0	2	1	0	0	0	0	0	0	0	0	0	4	0	0	0	0	0	0
Otu02358	0	0	0	0	0	0	0	0	0	0	0	0	0	0	0	0	11	0	0	0
Otu02374	0	0	0	0	0	1	0	0	0	0	0	0	0	3	0	0	0	0	0	0
Otu02389	0	0	0	0	0	0	0	0	2	2	0	0	0	0	0	0	1	0	0	0
Otu02400	0	0	0	0	0	0	0	0	0	0	0	0	0	0	0	0	0	11	0	0
Otu02412	0	0	0	0	0	0	0	0	0	0	0	0	0	0	0	10	0	0	0	0
Otu02415	0	0	0	0	0	1	0	0	0	0	0	0	0	0	0	0	2	0	0	0
Otu02416	0	0	0	0	0	0	0	0	0	0	0	0	0	3	0	0	0	0	0	0
Otu02417	5	0	0	0	0	0	0	0	0	0	0	0	0	0	0	0	0	0	0	0
Otu02438	0	0	0	0	0	0	0	0	0	0	1	0	0	2	0	0	0	0	0	0
Otu02439	0	0	10	0	0	0	0	0	0	0	0	0	0	0	0	0	0	0	0	0
Otu02456	0	0	0	0	0	0	0	0	0	0	0	0	0	0	7	0	0	0	0	0
Otu02478	0	0	0	0	0	0	0	0	0	9	0	0	0	0	0	0	0	1	0	0
Otu02479	0	0	0	0	0	0	0	0	0	0	0	0	0	0	0	0	5	0	0	0
Otu02497	0	0	0	0	0	0	0	0	0	0	0	0	0	0	0	0	0	3	0	0
Otu02499	0	0	0	0	0	3	0	0	0	0	0	0	0	1	0	0	0	0	0	0
Otu02501	0	0	0	0	0	0	2	0	0	0	0	0	0	0	0	0	0	0	0	1
Otu02515	0	0	0	0	0	0	0	0	0	0	0	0	0	0	0	0	0	10	0	0
Otu02536	0	0	0	0	0	0	0	0	0	0	0	0	0	1	1	0	0	0	0	1
Otu02548	0	0	0	0	0	0	0	0	0	0	0	0	0	7	0	0	0	0	0	0
Otu02576	0	0	0	0	0	0	0	0	0	4	0	0	0	0	0	0	0	0	0	0
Otu02582	0	0	0	9	0	0	0	0	0	0	0	0	0	0	0	0	0	0	0	0
Otu02586	0	3	0	0	0	0	0	0	0	0	0	0	0	0	0	0	0	0	0	0
Otu02601	0	0	3	0	0	0	0	0	0	0	0	0	0	0	0	0	0	0	0	0
Otu02602	0	0	0	0	0	0	0	0	0	0	0	0	9	0	0	0	0	0	0	0
Otu02617	0	0	0	0	0	0	0	0	5	0	0	0	0	0	0	0	0	0	0	0
Otu02626	0	0	0	0	0	0	0	0	0	0	0	0	3	0	0	0	0	0	0	0
Otu02628	0	0	0	0	0	0	0	0	0	0	0	0	0	9	0	0	0	0	0	0
Otu02632	0	0	0	0	0	0	0	0	0	0	0	9	0	0	0	0	0	0	0	0
Otu02641	0	0	0	8	0	0	0	0	0	0	0	0	0	0	0	0	0	0	0	0
Otu02661	0	0	0	0	0	0	0	0	0	0	0	4	0	0	0	0	0	0	0	0
Otu02672	0	0	0	0	0	7	0	0	0	0	0	0	0	0	0	0	0	0	0	0
Otu02683	0	0	0	0	0	0	0	0	0	0	0	0	0	0	0	0	4	0	0	0
Otu02684	0	0	0	0	0	0	0	0	0	0	0	0	0	8	0	0	0	0	0	0
Otu02685	0	0	0	0	0	0	0	0	8	0	0	0	0	0	0	0	0	0	0	0
Otu02716	0	0	0	0	0	0	0	0	1	0	0	3	0	0	0	0	0	0	0	0
Otu02767	0	0	0	0	0	0	0	0	0	0	0	0	0	7	0	0	0	0	0	0
Otu02778	0	0	0	0	0	0	0	1	0	0	0	0	0	0	0	0	1	0	0	1
Otu02809	7	0	0	0	0	0	0	0	0	0	0	0	0	0	0	0	0	0	0	0
Otu02821	0	0	0	0	0	0	0	0	0	0	5	0	0	0	0	0	0	0	0	0
Otu02838	0	0	0	0	0	7	0	0	0	0	0	0	0	0	0	0	0	0	0	0
Otu02840	0	0	0	0	0	0	0	0	0	0	0	0	0	0	0	0	7	0	0	0
Otu02887	3	0	0	0	0	0	0	0	0	0	0	0	0	0	0	0	0	0	0	0
Otu02894	0	0	0	0	1	0	1	0	0	1	0	0	0	0	0	0	0	0	0	0
Otu02902	1	0	0	0	0	0	0	0	0	0	0	0	0	0	3	0	0	0	0	0
Otu02926	0	0	0	0	0	0	0	0	0	0	0	0	0	0	0	0	3	0	0	0
Otu02929	0	0	0	0	0	0	0	0	0	0	1	0	3	0	0	0	0	0	0	0
Otu02934	0	0	0	0	0	0	0	0	0	0	0	0	0	0	0	0	0	0	7	0
Otu02935	0	0	0	0	3	0	0	0	0	0	0	0	0	0	0	0	0	0	0	0
Otu02938	0	0	0	0	0	0	0	0	0	0	0	0	0	4	0	0	0	0	0	0
Otu02951	0	0	0	3	0	0	0	0	0	0	0	0	0	0	0	0	0	0	0	0
Otu02958	0	0	0	0	0	0	0	0	0	0	0	0	0	0	4	0	0	0	0	0
Otu02960	0	0	0	0	0	0	0	0	0	0	0	0	0	5	0	0	0	0	0	0
Otu02985	0	0	0	0	0	0	0	0	0	0	6	0	0	0	0	0	0	0	0	0
Otu03000	0	0	0	0	0	0	0	0	0	0	0	0	0	0	0	0	0	3	0	0
Otu03001	0	0	0	0	0	0	0	0	0	4	0	0	0	0	0	0	0	0	0	0
Otu03019	0	0	0	0	0	0	0	0	0	0	0	0	5	0	0	0	0	0	0	0
Otu03039	0	2	0	0	0	0	0	0	0	0	0	0	1	0	0	0	0	0	0	0
Otu03066	5	0	0	0	0	0	0	0	0	0	0	0	0	0	0	0	0	0	0	0
Otu03092	0	0	0	0	0	0	0	0	0	0	0	0	0	0	0	0	0	0	0	3
Otu03094	0	0	0	0	0	0	0	0	0	0	0	0	0	0	6	0	0	0	0	0
Otu03106	6	0	0	0	0	0	0	0	0	0	0	0	0	0	0	0	0	0	0	0
Otu03110	0	6	0	0	0	0	0	0	0	0	0	0	0	0	0	0	0	0	0	0
Otu03127	0	0	0	0	0	0	0	0	0	6	0	0	0	0	0	0	0	0	0	0
Otu03138	0	0	0	0	0	0	0	0	0	0	4	0	0	0	0	0	0	0	0	0
Otu03149	0	0	0	0	0	6	0	0	0	0	0	0	0	0	0	0	0	0	0	0
Otu03182	0	0	0	0	0	0	3	0	0	0	0	0	0	0	0	0	0	0	0	0
Otu03187	0	0	0	0	0	0	0	0	3	0	0	0	0	0	0	0	0	3	0	0
Otu03202	0	0	0	0	0	3	0	0	0	0	0	0	0	0	0	0	0	0	0	0
Otu03214	0	0	0	0	0	0	0	1	0	0	0	0	1	0	0	0	1	0	0	1
Otu03219	0	0	0	0	0	0	0	0	0	0	0	0	0	0	0	0	5	0	0	0
Otu03223	0	0	0	0	0	5	0	0	0	0	0	0	0	0	0	0	0	0	0	0
Otu03237	0	0	0	0	0	0	0	1	1	0	0	0	0	0	0	0	2	0	0	0
Otu03302	0	0	0	0	0	0	0	0	0	5	0	0	0	0	0	0	0	0	0	0
Otu03307	0	5	0	0	0	0	0	0	0	0	0	0	0	0	0	0	0	0	0	0
Otu03337	0	0	0	0	0	0	0	0	0	0	0	0	0	0	0	0	5	0	0	0
Otu03367	0	0	0	0	0	0	0	0	0	0	0	0	0	0	4	0	1	0	0	0
Otu03383	1	1	0	0	0	0	0	0	0	0	0	1	0	0	0	0	0	0	0	0
Otu03389	0	0	0	0	0	0	0	0	0	0	0	0	0	0	0	0	3	1	0	1
Otu03414	0	0	0	0	0	0	2	0	1	0	0	0	0	0	0	0	0	0	0	0
Otu03423	0	0	0	0	5	0	0	0	0	0	0	0	0	0	0	0	0	0	0	0
Otu03424	0	0	0	0	0	0	5	0	0	0	0	0	0	0	0	0	0	0	0	0
Otu03441	0	0	0	0	0	0	0	0	0	0	0	0	0	0	0	0	3	0	0	0
Otu03443	0	0	0	0	0	0	0	0	0	0	0	0	0	0	5	0	0	0	0	0
Otu03451	0	0	0	0	0	0	0	0	0	0	0	0	3	0	0	0	0	0	0	0
Otu03469	0	0	0	0	5	0	0	0	0	0	0	0	0	0	0	0	0	0	0	0
Otu03483	0	0	0	0	0	0	0	0	0	0	4	0	0	0	0	0	0	0	0	0
Otu03510	0	0	0	0	0	0	0	0	0	0	0	0	0	4	0	0	0	0	0	0
Otu03517	0	0	0	0	0	0	0	0	0	0	0	0	3	0	0	0	0	0	0	0
Otu03540	0	0	0	0	0	0	0	0	0	0	0	0	0	3	0	0	0	0	0	0
Otu03567	0	0	0	4	0	0	0	0	0	0	0	0	0	0	0	0	0	0	0	0
Otu03625	0	0	0	0	0	0	0	0	0	0	3	0	0	0	0	0	0	0	0	0
Otu03627	0	0	0	0	0	0	4	0	0	0	0	0	0	0	0	0	0	0	0	0
Otu03682	0	0	0	0	0	0	0	4	0	0	0	0	0	0	0	0	0	0	0	0
Otu03700	0	0	0	0	0	0	0	0	0	0	0	0	0	0	0	0	4	0	0	0
Otu03716	0	0	0	0	0	3	0	0	0	0	0	0	0	0	0	0	0	0	0	0
Otu03742	3	0	0	0	0	0	0	0	0	0	0	0	0	0	0	0	0	0	0	0
Otu03747	0	0	0	0	0	0	0	0	0	0	0	0	0	0	0	0	0	4	0	0
Otu03763	0	0	0	0	0	0	0	0	0	0	0	0	4	0	0	0	0	0	0	0
Otu03778	0	0	0	0	0	0	0	0	0	0	4	0	0	0	0	0	0	0	0	0
Otu03779	0	0	0	0	0	0	0	0	0	0	0	0	0	0	0	0	3	0	0	0
Otu03834	0	0	0	0	0	0	0	3	0	0	0	0	0	0	0	0	0	0	0	0
Otu03846	0	0	0	0	0	0	0	0	0	0	0	0	0	0	0	0	4	0	0	0
Otu03858	0	0	0	0	0	0	0	0	0	0	0	0	0	3	0	0	0	0	0	0
Otu03896	0	0	0	0	0	3	0	0	0	0	0	0	0	0	0	0	0	0	0	0
Otu03929	0	0	0	0	3	0	0	0	0	0	0	0	0	0	0	0	0	0	0	0
Otu03993	0	0	0	0	0	0	0	0	0	0	0	0	0	3	0	0	0	0	0	0
Otu04006	0	0	0	0	0	0	0	0	0	0	0	3	0	0	0	0	0	0	0	0
Otu04046	0	0	0	0	0	0	0	0	0	0	0	0	0	0	0	0	0	0	0	3
Otu04048	0	0	0	0	0	0	0	0	0	0	0	3	0	0	0	0	0	0	0	0
Otu04117	0	0	0	0	0	0	0	0	0	0	0	0	0	0	0	0	3	0	0	0
Otu04176	0	0	0	0	0	0	0	0	0	0	0	0	0	0	0	0	3	0	0	0
Otu04194	0	0	0	0	0	0	0	0	0	0	0	0	3	0	0	0	0	0	0	0
Otu04251	0	0	3	0	0	0	0	0	0	0	0	0	0	0	0	0	0	0	0	0
Otu04284	0	3	0	0	0	0	0	0	0	0	0	0	0	0	0	0	0	0	0	0
Otu04313	0	0	0	0	0	0	0	0	0	0	0	0	0	0	0	0	3	0	0	0
Otu04320	0	0	0	0	0	0	0	0	0	0	0	0	0	0	0	0	3	0	0	0
Otu04328	0	0	0	0	0	0	0	0	0	0	0	0	0	0	0	0	3	0	0	0
Otu04330	0	0	0	0	0	0	0	0	0	0	0	0	0	0	0	0	0	3	0	0
Otu04364	0	0	0	0	0	3	0	0	0	0	0	0	0	0	0	0	0	0	0	0
Otu04372	0	0	0	0	0	0	0	0	0	0	0	0	0	0	0	0	0	3	0	0
Otu04397	0	0	0	0	0	0	0	3	0	0	0	0	0	0	0	0	0	0	0	0
Otu04401	3	0	0	0	0	0	0	0	0	0	0	0	0	0	0	0	0	0	0	0
Otu04429	0	3	0	0	0	0	0	0	0	0	0	0	0	0	0	0	0	0	0	0
Otu04459	0	0	0	0	0	0	0	0	0	0	3	0	0	0	0	0	0	0	0	0
Otu04460	3	0	0	0	0	0	0	0	0	0	0	0	0	0	0	0	0	0	0	0
Otu04472	0	0	0	0	0	3	0	0	0	0	0	0	0	0	0	0	0	0	0	0
Otu04510	0	0	0	0	0	3	0	0	0	0	0	0	0	0	0	0	0	0	0	0
Otu04513	0	3	0	0	0	0	0	0	0	0	0	0	0	0	0	0	0	0	0	0
Otu04520	0	0	0	0	0	0	3	0	0	0	0	0	0	0	0	0	0	0	0	0
